0
1
2
3
4
5
6
7
8
9
10
11
12
13
14
15
16
17
18
19
20
21
22
23
24
25
26
27
28
29
30
31
32
33
34
35
36
37
38
39
40
41
42
43
44
45
46
47
48
49
50
51
52
53
54
55
56
57
58
59
60
61
62
63
64
65
66
67
68
69
70
71
72
73
74
75
76
77
78
79
80
81
82
83
84
85
86
87
88
89
90
91
92
93
94
95
96
97
98
99
100
101
102
103
104
105
106
107
108
109
110
111
112
113
114
115
116
117
118
119
120
121
122
123
124
125
126
128
129
130
131
132
133
134
135
136
137
138
139
140
141
142
143
144
145
146
147
148
149
150
151
152
153
154
155
156
157
158
159
160
161
162
163
164
165
166
167
168
169
170
171
172
173
174
175
176
177
178
179
180
181
182
183
184
185
186
187
188
189
190
192
193
194
195
196
197
198
199
200
201
202
203
204
205
206
207
208
209
210
211
212
213
214
215
216
217
218
219
220
221
222
224
225
226
227
228
229
230
231
232
233
234
235
236
237
238
240
241
242
243
244
245
246
248
249
250
252
256
257
258
259
260
261
262
263
264
265
266
267
268
269
270
271
272
273
274
275
276
277
278
279
280
281
282
283
284
285
286
287
288
289
290
291
292
293
294
295
296
297
298
299
300
301
302
303
304
305
306
307
308
309
310
311
312
313
314
315
316
317
318
320
321
322
323
324
325
326
327
328
329
330
331
332
333
334
335
336
337
338
339
340
341
342
343
344
345
346
347
348
349
350
352
353
354
355
356
357
358
359
360
361
362
363
364
365
366
368
369
370
371
372
373
374
376
377
378
380
384
385
386
387
388
389
390
391
392
393
394
395
396
397
398
399
400
401
402
403
404
405
406
407
408
409
410
411
412
413
414
416
417
418
419
420
421
422
423
424
425
426
427
428
429
430
432
433
434
435
436
437
438
440
441
442
444
448
449
450
451
452
453
454
455
456
457
458
459
460
461
462
464
465
466
467
468
469
470
472
473
474
476
480
481
482
483
484
485
486
488
489
490
492
496
497
498
500
504
512
513
514
515
516
517
518
519
520
521
522
523
524
525
526
527
528
529
530
531
532
533
534
535
536
537
538
539
540
541
542
543
544
545
546
547
548
549
550
551
552
553
554
555
556
557
558
559
560
561
562
563
564
565
566
567
568
569
570
571
572
573
574
576
577
578
579
580
581
582
583
584
585
586
587
588
589
590
591
592
593
594
595
596
597
598
599
600
601
602
603
604
605
606
608
609
610
611
612
613
614
615
616
617
618
619
620
621
622
624
625
626
627
628
629
630
632
633
634
636
640
641
642
643
644
645
646
647
648
649
650
651
652
653
654
655
656
657
658
659
660
661
662
663
664
665
666
667
668
669
670
672
673
674
675
676
677
678
679
680
681
682
683
684
685
686
688
689
690
691
692
693
694
696
697
698
700
704
705
706
707
708
709
710
711
712
713
714
715
716
717
718
720
721
722
723
724
725
726
728
729
730
732
736
737
738
739
740
741
742
744
745
746
748
752
753
754
756
760
768
769
770
771
772
773
774
775
776
777
778
779
780
781
782
783
784
785
786
787
788
789
790
791
792
793
794
795
796
797
798
800
801
802
803
804
805
806
807
808
809
810
811
812
813
814
816
817
818
819
820
821
822
824
825
826
828
832
833
834
835
836
837
838
839
840
841
842
843
844
845
846
848
849
850
851
852
853
854
856
857
858
860
864
865
866
867
868
869
870
872
873
874
876
880
881
882
884
888
896
897
898
899
900
901
902
903
904
905
906
907
908
909
910
912
913
914
915
916
917
918
920
921
922
924
928
929
930
931
932
933
934
936
937
938
940
944
945
946
948
952
960
961
962
963
964
965
966
968
969
970
972
976
977
978
980
984
992
993
994
996
1000
1008
1024
1025
1026
1027
1028
1029
1030
1031
1032
1033
1034
1035
1036
1037
1038
1039
1040
1041
1042
1043
1044
1045
1046
1047
1048
1049
1050
1051
1052
1053
1054
1055
1056
1057
1058
1059
1060
1061
1062
1063
1064
1065
1066
1067
1068
1069
1070
1071
1072
1073
1074
1075
1076
1077
1078
1079
1080
1081
1082
1083
1084
1085
1086
1088
1089
1090
1091
1092
1093
1094
1095
1096
1097
1098
1099
1100
1101
1102
1103
1104
1105
1106
1107
1108
1109
1110
1111
1112
1113
1114
1115
1116
1117
1118
1120
1121
1122
1123
1124
1125
1126
1127
1128
1129
1130
1131
1132
1133
1134
1136
1137
1138
1139
1140
1141
1142
1144
1145
1146
1148
1152
1153
1154
1155
1156
1157
1158
1159
1160
1161
1162
1163
1164
1165
1166
1167
1168
1169
1170
1171
1172
1173
1174
1175
1176
1177
1178
1179
1180
1181
1182
1184
1185
1186
1187
1188
1189
1190
1191
1192
1193
1194
1195
1196
1197
1198
1200
1201
1202
1203
1204
1205
1206
1208
1209
1210
1212
1216
1217
1218
1219
1220
1221
1222
1223
1224
1225
1226
1227
1228
1229
1230
1232
1233
1234
1235
1236
1237
1238
1240
1241
1242
1244
1248
1249
1250
1251
1252
1253
1254
1256
1257
1258
1260
1264
1265
1266
1268
1272
1280
1281
1282
1283
1284
1285
1286
1287
1288
1289
1290
1291
1292
1293
1294
1295
1296
1297
1298
1299
1300
1301
1302
1303
1304
1305
1306
1307
1308
1309
1310
1312
1313
1314
1315
1316
1317
1318
1319
1320
1321
1322
1323
1324
1325
1326
1328
1329
1330
1331
1332
1333
1334
1336
1337
1338
1340
1344
1345
1346
1347
1348
1349
1350
1351
1352
1353
1354
1355
1356
1357
1358
1360
1361
1362
1363
1364
1365
1366
1368
1369
1370
1372
1376
1377
1378
1379
1380
1381
1382
1384
1385
1386
1388
1392
1393
1394
1396
1400
1408
1409
1410
1411
1412
1413
1414
1415
1416
1417
1418
1419
1420
1421
1422
1424
1425
1426
1427
1428
1429
1430
1432
1433
1434
1436
1440
1441
1442
1443
1444
1445
1446
1448
1449
1450
1452
1456
1457
1458
1460
1464
1472
1473
1474
1475
1476
1477
1478
1480
1481
1482
1484
1488
1489
1490
1492
1496
1504
1505
1506
1508
1512
1520
1536
1537
1538
1539
1540
1541
1542
1543
1544
1545
1546
1547
1548
1549
1550
1551
1552
1553
1554
1555
1556
1557
1558
1559
1560
1561
1562
1563
1564
1565
1566
1568
1569
1570
1571
1572
1573
1574
1575
1576
1577
1578
1579
1580
1581
1582
1584
1585
1586
1587
1588
1589
1590
1592
1593
1594
1596
1600
1601
1602
1603
1604
1605
1606
1607
1608
1609
1610
1611
1612
1613
1614
1616
1617
1618
1619
1620
1621
1622
1624
1625
1626
1628
1632
1633
1634
1635
1636
1637
1638
1640
1641
1642
1644
1648
1649
1650
1652
1656
1664
1665
1666
1667
1668
1669
1670
1671
1672
1673
1674
1675
1676
1677
1678
1680
1681
1682
1683
1684
1685
1686
1688
1689
1690
1692
1696
1697
1698
1699
1700
1701
1702
1704
1705
1706
1708
1712
1713
1714
1716
1720
1728
1729
1730
1731
1732
1733
1734
1736
1737
1738
1740
1744
1745
1746
1748
1752
1760
1761
1762
1764
1768
1776
1792
1793
1794
1795
1796
1797
1798
1799
1800
1801
1802
1803
1804
1805
1806
1808
1809
1810
1811
1812
1813
1814
1816
1817
1818
1820
1824
1825
1826
1827
1828
1829
1830
1832
1833
1834
1836
1840
1841
1842
1844
1848
1856
1857
1858
1859
1860
1861
1862
1864
1865
1866
1868
1872
1873
1874
1876
1880
1888
1889
1890
1892
1896
1904
1920
1921
1922
1923
1924
1925
1926
1928
1929
1930
1932
1936
1937
1938
1940
1944
1952
1953
1954
1956
1960
1968
1984
1985
1986
1988
1992
2000
2016
2048
2049
2050
2051
2052
2053
2054
2055
2056
2057
2058
2059
2060
2061
2062
2063
2064
2065
2066
2067
2068
2069
2070
2071
2072
2073
2074
2075
2076
2077
2078
2079
2080
2081
2082
2083
2084
2085
2086
2087
2088
2089
2090
2091
2092
2093
2094
2095
2096
2097
2098
2099
2100
2101
2102
2103
2104
2105
2106
2107
2108
2109
2110
2112
2113
2114
2115
2116
2117
2118
2119
2120
2121
2122
2123
2124
2125
2126
2127
2128
2129
2130
2131
2132
2133
2134
2135
2136
2137
2138
2139
2140
2141
2142
2144
2145
2146
2147
2148
2149
2150
2151
2152
2153
2154
2155
2156
2157
2158
2160
2161
2162
2163
2164
2165
2166
2168
2169
2170
2172
2176
2177
2178
2179
2180
2181
2182
2183
2184
2185
2186
2187
2188
2189
2190
2191
2192
2193
2194
2195
2196
2197
2198
2199
2200
2201
2202
2203
2204
2205
2206
2208
2209
2210
2211
2212
2213
2214
2215
2216
2217
2218
2219
2220
2221
2222
2224
2225
2226
2227
2228
2229
2230
2232
2233
2234
2236
2240
2241
2242
2243
2244
2245
2246
2247
2248
2249
2250
2251
2252
2253
2254
2256
2257
2258
2259
2260
2261
2262
2264
2265
2266
2268
2272
2273
2274
2275
2276
2277
2278
2280
2281
2282
2284
2288
2289
2290
2292
2296
2304
2305
2306
2307
2308
2309
2310
2311
2312
2313
2314
2315
2316
2317
2318
2319
2320
2321
2322
2323
2324
2325
2326
2327
2328
2329
2330
2331
2332
2333
2334
2336
2337
2338
2339
2340
2341
2342
2343
2344
2345
2346
2347
2348
2349
2350
2352
2353
2354
2355
2356
2357
2358
2360
2361
2362
2364
2368
2369
2370
2371
2372
2373
2374
2375
2376
2377
2378
2379
2380
2381
2382
2384
2385
2386
2387
2388
2389
2390
2392
2393
2394
2396
2400
2401
2402
2403
2404
2405
2406
2408
2409
2410
2412
2416
2417
2418
2420
2424
2432
2433
2434
2435
2436
2437
2438
2439
2440
2441
2442
2443
2444
2445
2446
2448
2449
2450
2451
2452
2453
2454
2456
2457
2458
2460
2464
2465
2466
2467
2468
2469
2470
2472
2473
2474
2476
2480
2481
2482
2484
2488
2496
2497
2498
2499
2500
2501
2502
2504
2505
2506
2508
2512
2513
2514
2516
2520
2528
2529
2530
2532
2536
2544
2560
2561
2562
2563
2564
2565
2566
2567
2568
2569
2570
2571
2572
2573
2574
2575
2576
2577
2578
2579
2580
2581
2582
2583
2584
2585
2586
2587
2588
2589
2590
2592
2593
2594
2595
2596
2597
2598
2599
2600
2601
2602
2603
2604
2605
2606
2608
2609
2610
2611
2612
2613
2614
2616
2617
2618
2620
2624
2625
2626
2627
2628
2629
2630
2631
2632
2633
2634
2635
2636
2637
2638
2640
2641
2642
2643
2644
2645
2646
2648
2649
2650
2652
2656
2657
2658
2659
2660
2661
2662
2664
2665
2666
2668
2672
2673
2674
2676
2680
2688
2689
2690
2691
2692
2693
2694
2695
2696
2697
2698
2699
2700
2701
2702
2704
2705
2706
2707
2708
2709
2710
2712
2713
2714
2716
2720
2721
2722
2723
2724
2725
2726
2728
2729
2730
2732
2736
2737
2738
2740
2744
2752
2753
2754
2755
2756
2757
2758
2760
2761
2762
2764
2768
2769
2770
2772
2776
2784
2785
2786
2788
2792
2800
2816
2817
2818
2819
2820
2821
2822
2823
2824
2825
2826
2827
2828
2829
2830
2832
2833
2834
2835
2836
2837
2838
2840
2841
2842
2844
2848
2849
2850
2851
2852
2853
2854
2856
2857
2858
2860
2864
2865
2866
2868
2872
2880
2881
2882
2883
2884
2885
2886
2888
2889
2890
2892
2896
2897
2898
2900
2904
2912
2913
2914
2916
2920
2928
2944
2945
2946
2947
2948
2949
2950
2952
2953
2954
2956
2960
2961
2962
2964
2968
2976
2977
2978
2980
2984
2992
3008
3009
3010
3012
3016
3024
3040
3072
3073
3074
3075
3076
3077
3078
3079
3080
3081
3082
3083
3084
3085
3086
3087
3088
3089
3090
3091
3092
3093
3094
3095
3096
3097
3098
3099
3100
3101
3102
3104
3105
3106
3107
3108
3109
3110
3111
3112
3113
3114
3115
3116
3117
3118
3120
3121
3122
3123
3124
3125
3126
3128
3129
3130
3132
3136
3137
3138
3139
3140
3141
3142
3143
3144
3145
3146
3147
3148
3149
3150
3152
3153
3154
3155
3156
3157
3158
3160
3161
3162
3164
3168
3169
3170
3171
3172
3173
3174
3176
3177
3178
3180
3184
3185
3186
3188
3192
3200
3201
3202
3203
3204
3205
3206
3207
3208
3209
3210
3211
3212
3213
3214
3216
3217
3218
3219
3220
3221
3222
3224
3225
3226
3228
3232
3233
3234
3235
3236
3237
3238
3240
3241
3242
3244
3248
3249
3250
3252
3256
3264
3265
3266
3267
3268
3269
3270
3272
3273
3274
3276
3280
3281
3282
3284
3288
3296
3297
3298
3300
3304
3312
3328
3329
3330
3331
3332
3333
3334
3335
3336
3337
3338
3339
3340
3341
3342
3344
3345
3346
3347
3348
3349
3350
3352
3353
3354
3356
3360
3361
3362
3363
3364
3365
3366
3368
3369
3370
3372
3376
3377
3378
3380
3384
3392
3393
3394
3395
3396
3397
3398
3400
3401
3402
3404
3408
3409
3410
3412
3416
3424
3425
3426
3428
3432
3440
3456
3457
3458
3459
3460
3461
3462
3464
3465
3466
3468
3472
3473
3474
3476
3480
3488
3489
3490
3492
3496
3504
3520
3521
3522
3524
3528
3536
3552
3584
3585
3586
3587
3588
3589
3590
3591
3592
3593
3594
3595
3596
3597
3598
3600
3601
3602
3603
3604
3605
3606
3608
3609
3610
3612
3616
3617
3618
3619
3620
3621
3622
3624
3625
3626
3628
3632
3633
3634
3636
3640
3648
3649
3650
3651
3652
3653
3654
3656
3657
3658
3660
3664
3665
3666
3668
3672
3680
3681
3682
3684
3688
3696
3712
3713
3714
3715
3716
3717
3718
3720
3721
3722
3724
3728
3729
3730
3732
3736
3744
3745
3746
3748
3752
3760
3776
3777
3778
3780
3784
3792
3808
3840
3841
3842
3843
3844
3845
3846
3848
3849
3850
3852
3856
3857
3858
3860
3864
3872
3873
3874
3876
3880
3888
3904
3905
3906
3908
3912
3920
3936
3968
3969
3970
3972
3976
3984
4000
4032
4096
4097
4098
4099
4100
4101
4102
4103
4104
4105
4106
4107
4108
4109
4110
4111
4112
4113
4114
4115
4116
4117
4118
4119
4120
4121
4122
4123
4124
4125
4126
4127
4128
4129
4130
4131
4132
4133
4134
4135
4136
4137
4138
4139
4140
4141
4142
4143
4144
4145
4146
4147
4148
4149
4150
4151
4152
4153
4154
4155
4156
4157
4158
4160
4161
4162
4163
4164
4165
4166
4167
4168
4169
4170
4171
4172
4173
4174
4175
4176
4177
4178
4179
4180
4181
4182
4183
4184
4185
4186
4187
4188
4189
4190
4192
4193
4194
4195
4196
4197
4198
4199
4200
4201
4202
4203
4204
4205
4206
4208
4209
4210
4211
4212
4213
4214
4216
4217
4218
4220
4224
4225
4226
4227
4228
4229
4230
4231
4232
4233
4234
4235
4236
4237
4238
4239
4240
4241
4242
4243
4244
4245
4246
4247
4248
4249
4250
4251
4252
4253
4254
4256
4257
4258
4259
4260
4261
4262
4263
4264
4265
4266
4267
4268
4269
4270
4272
4273
4274
4275
4276
4277
4278
4280
4281
4282
4284
4288
4289
4290
4291
4292
4293
4294
4295
4296
4297
4298
4299
4300
4301
4302
4304
4305
4306
4307
4308
4309
4310
4312
4313
4314
4316
4320
4321
4322
4323
4324
4325
4326
4328
4329
4330
4332
4336
4337
4338
4340
4344
4352
4353
4354
4355
4356
4357
4358
4359
4360
4361
4362
4363
4364
4365
4366
4367
4368
4369
4370
4371
4372
4373
4374
4375
4376
4377
4378
4379
4380
4381
4382
4384
4385
4386
4387
4388
4389
4390
4391
4392
4393
4394
4395
4396
4397
4398
4400
4401
4402
4403
4404
4405
4406
4408
4409
4410
4412
4416
4417
4418
4419
4420
4421
4422
4423
4424
4425
4426
4427
4428
4429
4430
4432
4433
4434
4435
4436
4437
4438
4440
4441
4442
4444
4448
4449
4450
4451
4452
4453
4454
4456
4457
4458
4460
4464
4465
4466
4468
4472
4480
4481
4482
4483
4484
4485
4486
4487
4488
4489
4490
4491
4492
4493
4494
4496
4497
4498
4499
4500
4501
4502
4504
4505
4506
4508
4512
4513
4514
4515
4516
4517
4518
4520
4521
4522
4524
4528
4529
4530
4532
4536
4544
4545
4546
4547
4548
4549
4550
4552
4553
4554
4556
4560
4561
4562
4564
4568
4576
4577
4578
4580
4584
4592
4608
4609
4610
4611
4612
4613
4614
4615
4616
4617
4618
4619
4620
4621
4622
4623
4624
4625
4626
4627
4628
4629
4630
4631
4632
4633
4634
4635
4636
4637
4638
4640
4641
4642
4643
4644
4645
4646
4647
4648
4649
4650
4651
4652
4653
4654
4656
4657
4658
4659
4660
4661
4662
4664
4665
4666
4668
4672
4673
4674
4675
4676
4677
4678
4679
4680
4681
4682
4683
4684
4685
4686
4688
4689
4690
4691
4692
4693
4694
4696
4697
4698
4700
4704
4705
4706
4707
4708
4709
4710
4712
4713
4714
4716
4720
4721
4722
4724
4728
4736
4737
4738
4739
4740
4741
4742
4743
4744
4745
4746
4747
4748
4749
4750
4752
4753
4754
4755
4756
4757
4758
4760
4761
4762
4764
4768
4769
4770
4771
4772
4773
4774
4776
4777
4778
4780
4784
4785
4786
4788
4792
4800
4801
4802
4803
4804
4805
4806
4808
4809
4810
4812
4816
4817
4818
4820
4824
4832
4833
4834
4836
4840
4848
4864
4865
4866
4867
4868
4869
4870
4871
4872
4873
4874
4875
4876
4877
4878
4880
4881
4882
4883
4884
4885
4886
4888
4889
4890
4892
4896
4897
4898
4899
4900
4901
4902
4904
4905
4906
4908
4912
4913
4914
4916
4920
4928
4929
4930
4931
4932
4933
4934
4936
4937
4938
4940
4944
4945
4946
4948
4952
4960
4961
4962
4964
4968
4976
4992
4993
4994
4995
4996
4997
4998
5000
5001
5002
5004
5008
5009
5010
5012
5016
5024
5025
5026
5028
5032
5040
5056
5057
5058
5060
5064
5072
5088
5120
5121
5122
5123
5124
5125
5126
5127
5128
5129
5130
5131
5132
5133
5134
5135
5136
5137
5138
5139
5140
5141
5142
5143
5144
5145
5146
5147
5148
5149
5150
5152
5153
5154
5155
5156
5157
5158
5159
5160
5161
5162
5163
5164
5165
5166
5168
5169
5170
5171
5172
5173
5174
5176
5177
5178
5180
5184
5185
5186
5187
5188
5189
5190
5191
5192
5193
5194
5195
5196
5197
5198
5200
5201
5202
5203
5204
5205
5206
5208
5209
5210
5212
5216
5217
5218
5219
5220
5221
5222
5224
5225
5226
5228
5232
5233
5234
5236
5240
5248
5249
5250
5251
5252
5253
5254
5255
5256
5257
5258
5259
5260
5261
5262
5264
5265
5266
5267
5268
5269
5270
5272
5273
5274
5276
5280
5281
5282
5283
5284
5285
5286
5288
5289
5290
5292
5296
5297
5298
5300
5304
5312
5313
5314
5315
5316
5317
5318
5320
5321
5322
5324
5328
5329
5330
5332
5336
5344
5345
5346
5348
5352
5360
5376
5377
5378
5379
5380
5381
5382
5383
5384
5385
5386
5387
5388
5389
5390
5392
5393
5394
5395
5396
5397
5398
5400
5401
5402
5404
5408
5409
5410
5411
5412
5413
5414
5416
5417
5418
5420
5424
5425
5426
5428
5432
5440
5441
5442
5443
5444
5445
5446
5448
5449
5450
5452
5456
5457
5458
5460
5464
5472
5473
5474
5476
5480
5488
5504
5505
5506
5507
5508
5509
5510
5512
5513
5514
5516
5520
5521
5522
5524
5528
5536
5537
5538
5540
5544
5552
5568
5569
5570
5572
5576
5584
5600
5632
5633
5634
5635
5636
5637
5638
5639
5640
5641
5642
5643
5644
5645
5646
5648
5649
5650
5651
5652
5653
5654
5656
5657
5658
5660
5664
5665
5666
5667
5668
5669
5670
5672
5673
5674
5676
5680
5681
5682
5684
5688
5696
5697
5698
5699
5700
5701
5702
5704
5705
5706
5708
5712
5713
5714
5716
5720
5728
5729
5730
5732
5736
5744
5760
5761
5762
5763
5764
5765
5766
5768
5769
5770
5772
5776
5777
5778
5780
5784
5792
5793
5794
5796
5800
5808
5824
5825
5826
5828
5832
5840
5856
5888
5889
5890
5891
5892
5893
5894
5896
5897
5898
5900
5904
5905
5906
5908
5912
5920
5921
5922
5924
5928
5936
5952
5953
5954
5956
5960
5968
5984
6016
6017
6018
6020
6024
6032
6048
6080
6144
6145
6146
6147
6148
6149
6150
6151
6152
6153
6154
6155
6156
6157
6158
6159
6160
6161
6162
6163
6164
6165
6166
6167
6168
6169
6170
6171
6172
6173
6174
6176
6177
6178
6179
6180
6181
6182
6183
6184
6185
6186
6187
6188
6189
6190
6192
6193
6194
6195
6196
6197
6198
6200
6201
6202
6204
6208
6209
6210
6211
6212
6213
6214
6215
6216
6217
6218
6219
6220
6221
6222
6224
6225
6226
6227
6228
6229
6230
6232
6233
6234
6236
6240
6241
6242
6243
6244
6245
6246
6248
6249
6250
6252
6256
6257
6258
6260
6264
6272
6273
6274
6275
6276
6277
6278
6279
6280
6281
6282
6283
6284
6285
6286
6288
6289
6290
6291
6292
6293
6294
6296
6297
6298
6300
6304
6305
6306
6307
6308
6309
6310
6312
6313
6314
6316
6320
6321
6322
6324
6328
6336
6337
6338
6339
6340
6341
6342
6344
6345
6346
6348
6352
6353
6354
6356
6360
6368
6369
6370
6372
6376
6384
6400
6401
6402
6403
6404
6405
6406
6407
6408
6409
6410
6411
6412
6413
6414
6416
6417
6418
6419
6420
6421
6422
6424
6425
6426
6428
6432
6433
6434
6435
6436
6437
6438
6440
6441
6442
6444
6448
6449
6450
6452
6456
6464
6465
6466
6467
6468
6469
6470
6472
6473
6474
6476
6480
6481
6482
6484
6488
6496
6497
6498
6500
6504
6512
6528
6529
6530
6531
6532
6533
6534
6536
6537
6538
6540
6544
6545
6546
6548
6552
6560
6561
6562
6564
6568
6576
6592
6593
6594
6596
6600
6608
6624
6656
6657
6658
6659
6660
6661
6662
6663
6664
6665
6666
6667
6668
6669
6670
6672
6673
6674
6675
6676
6677
6678
6680
6681
6682
6684
6688
6689
6690
6691
6692
6693
6694
6696
6697
6698
6700
6704
6705
6706
6708
6712
6720
6721
6722
6723
6724
6725
6726
6728
6729
6730
6732
6736
6737
6738
6740
6744
6752
6753
6754
6756
6760
6768
6784
6785
6786
6787
6788
6789
6790
6792
6793
6794
6796
6800
6801
6802
6804
6808
6816
6817
6818
6820
6824
6832
6848
6849
6850
6852
6856
6864
6880
6912
6913
6914
6915
6916
6917
6918
6920
6921
6922
6924
6928
6929
6930
6932
6936
6944
6945
6946
6948
6952
6960
6976
6977
6978
6980
6984
6992
7008
7040
7041
7042
7044
7048
7056
7072
7104
7168
7169
7170
7171
7172
7173
7174
7175
7176
7177
7178
7179
7180
7181
7182
7184
7185
7186
7187
7188
7189
7190
7192
7193
7194
7196
7200
7201
7202
7203
7204
7205
7206
7208
7209
7210
7212
7216
7217
7218
7220
7224
7232
7233
7234
7235
7236
7237
7238
7240
7241
7242
7244
7248
7249
7250
7252
7256
7264
7265
7266
7268
7272
7280
7296
7297
7298
7299
7300
7301
7302
7304
7305
7306
7308
7312
7313
7314
7316
7320
7328
7329
7330
7332
7336
7344
7360
7361
7362
7364
7368
7376
7392
7424
7425
7426
7427
7428
7429
7430
7432
7433
7434
7436
7440
7441
7442
7444
7448
7456
7457
7458
7460
7464
7472
7488
7489
7490
7492
7496
7504
7520
7552
7553
7554
7556
7560
7568
7584
7616
7680
7681
7682
7683
7684
7685
7686
7688
7689
7690
7692
7696
7697
7698
7700
7704
7712
7713
7714
7716
7720
7728
7744
7745
7746
7748
7752
7760
7776
7808
7809
7810
7812
7816
7824
7840
7872
7936
7937
7938
7940
7944
7952
7968
8000
8064
8192
8193
8194
8195
8196
8197
8198
8199
8200
8201
8202
8203
8204
8205
8206
8207
8208
8209
8210
8211
8212
8213
8214
8215
8216
8217
8218
8219
8220
8221
8222
8223
8224
8225
8226
8227
8228
8229
8230
8231
8232
8233
8234
8235
8236
8237
8238
8239
8240
8241
8242
8243
8244
8245
8246
8247
8248
8249
8250
8251
8252
8253
8254
8256
8257
8258
8259
8260
8261
8262
8263
8264
8265
8266
8267
8268
8269
8270
8271
8272
8273
8274
8275
8276
8277
8278
8279
8280
8281
8282
8283
8284
8285
8286
8288
8289
8290
8291
8292
8293
8294
8295
8296
8297
8298
8299
8300
8301
8302
8304
8305
8306
8307
8308
8309
8310
8312
8313
8314
8316
8320
8321
8322
8323
8324
8325
8326
8327
8328
8329
8330
8331
8332
8333
8334
8335
8336
8337
8338
8339
8340
8341
8342
8343
8344
8345
8346
8347
8348
8349
8350
8352
8353
8354
8355
8356
8357
8358
8359
8360
8361
8362
8363
8364
8365
8366
8368
8369
8370
8371
8372
8373
8374
8376
8377
8378
8380
8384
8385
8386
8387
8388
8389
8390
8391
8392
8393
8394
8395
8396
8397
8398
8400
8401
8402
8403
8404
8405
8406
8408
8409
8410
8412
8416
8417
8418
8419
8420
8421
8422
8424
8425
8426
8428
8432
8433
8434
8436
8440
8448
8449
8450
8451
8452
8453
8454
8455
8456
8457
8458
8459
8460
8461
8462
8463
8464
8465
8466
8467
8468
8469
8470
8471
8472
8473
8474
8475
8476
8477
8478
8480
8481
8482
8483
8484
8485
8486
8487
8488
8489
8490
8491
8492
8493
8494
8496
8497
8498
8499
8500
8501
8502
8504
8505
8506
8508
8512
8513
8514
8515
8516
8517
8518
8519
8520
8521
8522
8523
8524
8525
8526
8528
8529
8530
8531
8532
8533
8534
8536
8537
8538
8540
8544
8545
8546
8547
8548
8549
8550
8552
8553
8554
8556
8560
8561
8562
8564
8568
8576
8577
8578
8579
8580
8581
8582
8583
8584
8585
8586
8587
8588
8589
8590
8592
8593
8594
8595
8596
8597
8598
8600
8601
8602
8604
8608
8609
8610
8611
8612
8613
8614
8616
8617
8618
8620
8624
8625
8626
8628
8632
8640
8641
8642
8643
8644
8645
8646
8648
8649
8650
8652
8656
8657
8658
8660
8664
8672
8673
8674
8676
8680
8688
8704
8705
8706
8707
8708
8709
8710
8711
8712
8713
8714
8715
8716
8717
8718
8719
8720
8721
8722
8723
8724
8725
8726
8727
8728
8729
8730
8731
8732
8733
8734
8736
8737
8738
8739
8740
8741
8742
8743
8744
8745
8746
8747
8748
8749
8750
8752
8753
8754
8755
8756
8757
8758
8760
8761
8762
8764
8768
8769
8770
8771
8772
8773
8774
8775
8776
8777
8778
8779
8780
8781
8782
8784
8785
8786
8787
8788
8789
8790
8792
8793
8794
8796
8800
8801
8802
8803
8804
8805
8806
8808
8809
8810
8812
8816
8817
8818
8820
8824
8832
8833
8834
8835
8836
8837
8838
8839
8840
8841
8842
8843
8844
8845
8846
8848
8849
8850
8851
8852
8853
8854
8856
8857
8858
8860
8864
8865
8866
8867
8868
8869
8870
8872
8873
8874
8876
8880
8881
8882
8884
8888
8896
8897
8898
8899
8900
8901
8902
8904
8905
8906
8908
8912
8913
8914
8916
8920
8928
8929
8930
8932
8936
8944
8960
8961
8962
8963
8964
8965
8966
8967
8968
8969
8970
8971
8972
8973
8974
8976
8977
8978
8979
8980
8981
8982
8984
8985
8986
8988
8992
8993
8994
8995
8996
8997
8998
9000
9001
9002
9004
9008
9009
9010
9012
9016
9024
9025
9026
9027
9028
9029
9030
9032
9033
9034
9036
9040
9041
9042
9044
9048
9056
9057
9058
9060
9064
9072
9088
9089
9090
9091
9092
9093
9094
9096
9097
9098
9100
9104
9105
9106
9108
9112
9120
9121
9122
9124
9128
9136
9152
9153
9154
9156
9160
9168
9184
9216
9217
9218
9219
9220
9221
9222
9223
9224
9225
9226
9227
9228
9229
9230
9231
9232
9233
9234
9235
9236
9237
9238
9239
9240
9241
9242
9243
9244
9245
9246
9248
9249
9250
9251
9252
9253
9254
9255
9256
9257
9258
9259
9260
9261
9262
9264
9265
9266
9267
9268
9269
9270
9272
9273
9274
9276
9280
9281
9282
9283
9284
9285
9286
9287
9288
9289
9290
9291
9292
9293
9294
9296
9297
9298
9299
9300
9301
9302
9304
9305
9306
9308
9312
9313
9314
9315
9316
9317
9318
9320
9321
9322
9324
9328
9329
9330
9332
9336
9344
9345
9346
9347
9348
9349
9350
9351
9352
9353
9354
9355
9356
9357
9358
9360
9361
9362
9363
9364
9365
9366
9368
9369
9370
9372
9376
9377
9378
9379
9380
9381
9382
9384
9385
9386
9388
9392
9393
9394
9396
9400
9408
9409
9410
9411
9412
9413
9414
9416
9417
9418
9420
9424
9425
9426
9428
9432
9440
9441
9442
9444
9448
9456
9472
9473
9474
9475
9476
9477
9478
9479
9480
9481
9482
9483
9484
9485
9486
9488
9489
9490
9491
9492
9493
9494
9496
9497
9498
9500
9504
9505
9506
9507
9508
9509
9510
9512
9513
9514
9516
9520
9521
9522
9524
9528
9536
9537
9538
9539
9540
9541
9542
9544
9545
9546
9548
9552
9553
9554
9556
9560
9568
9569
9570
9572
9576
9584
9600
9601
9602
9603
9604
9605
9606
9608
9609
9610
9612
9616
9617
9618
9620
9624
9632
9633
9634
9636
9640
9648
9664
9665
9666
9668
9672
9680
9696
9728
9729
9730
9731
9732
9733
9734
9735
9736
9737
9738
9739
9740
9741
9742
9744
9745
9746
9747
9748
9749
9750
9752
9753
9754
9756
9760
9761
9762
9763
9764
9765
9766
9768
9769
9770
9772
9776
9777
9778
9780
9784
9792
9793
9794
9795
9796
9797
9798
9800
9801
9802
9804
9808
9809
9810
9812
9816
9824
9825
9826
9828
9832
9840
9856
9857
9858
9859
9860
9861
9862
9864
9865
9866
9868
9872
9873
9874
9876
9880
9888
9889
9890
9892
9896
9904
9920
9921
9922
9924
9928
9936
9952
9984
9985
9986
9987
9988
9989
9990
9992
9993
9994
9996
10000
10001
10002
10004
10008
10016
10017
10018
10020
10024
10032
10048
10049
10050
10052
10056
10064
10080
10112
10113
10114
10116
10120
10128
10144
10176
10240
10241
10242
10243
10244
10245
10246
10247
10248
10249
10250
10251
10252
10253
10254
10255
10256
10257
10258
10259
10260
10261
10262
10263
10264
10265
10266
10267
10268
10269
10270
10272
10273
10274
10275
10276
10277
10278
10279
10280
10281
10282
10283
10284
10285
10286
10288
10289
10290
10291
10292
10293
10294
10296
10297
10298
10300
10304
10305
10306
10307
10308
10309
10310
10311
10312
10313
10314
10315
10316
10317
10318
10320
10321
10322
10323
10324
10325
10326
10328
10329
10330
10332
10336
10337
10338
10339
10340
10341
10342
10344
10345
10346
10348
10352
10353
10354
10356
10360
10368
10369
10370
10371
10372
10373
10374
10375
10376
10377
10378
10379
10380
10381
10382
10384
10385
10386
10387
10388
10389
10390
10392
10393
10394
10396
10400
10401
10402
10403
10404
10405
10406
10408
10409
10410
10412
10416
10417
10418
10420
10424
10432
10433
10434
10435
10436
10437
10438
10440
10441
10442
10444
10448
10449
10450
10452
10456
10464
10465
10466
10468
10472
10480
10496
10497
10498
10499
10500
10501
10502
10503
10504
10505
10506
10507
10508
10509
10510
10512
10513
10514
10515
10516
10517
10518
10520
10521
10522
10524
10528
10529
10530
10531
10532
10533
10534
10536
10537
10538
10540
10544
10545
10546
10548
10552
10560
10561
10562
10563
10564
10565
10566
10568
10569
10570
10572
10576
10577
10578
10580
10584
10592
10593
10594
10596
10600
10608
10624
10625
10626
10627
10628
10629
10630
10632
10633
10634
10636
10640
10641
10642
10644
10648
10656
10657
10658
10660
10664
10672
10688
10689
10690
10692
10696
10704
10720
10752
10753
10754
10755
10756
10757
10758
10759
10760
10761
10762
10763
10764
10765
10766
10768
10769
10770
10771
10772
10773
10774
10776
10777
10778
10780
10784
10785
10786
10787
10788
10789
10790
10792
10793
10794
10796
10800
10801
10802
10804
10808
10816
10817
10818
10819
10820
10821
10822
10824
10825
10826
10828
10832
10833
10834
10836
10840
10848
10849
10850
10852
10856
10864
10880
10881
10882
10883
10884
10885
10886
10888
10889
10890
10892
10896
10897
10898
10900
10904
10912
10913
10914
10916
10920
10928
10944
10945
10946
10948
10952
10960
10976
11008
11009
11010
11011
11012
11013
11014
11016
11017
11018
11020
11024
11025
11026
11028
11032
11040
11041
11042
11044
11048
11056
11072
11073
11074
11076
11080
11088
11104
11136
11137
11138
11140
11144
11152
11168
11200
11264
11265
11266
11267
11268
11269
11270
11271
11272
11273
11274
11275
11276
11277
11278
11280
11281
11282
11283
11284
11285
11286
11288
11289
11290
11292
11296
11297
11298
11299
11300
11301
11302
11304
11305
11306
11308
11312
11313
11314
11316
11320
11328
11329
11330
11331
11332
11333
11334
11336
11337
11338
11340
11344
11345
11346
11348
11352
11360
11361
11362
11364
11368
11376
11392
11393
11394
11395
11396
11397
11398
11400
11401
11402
11404
11408
11409
11410
11412
11416
11424
11425
11426
11428
11432
11440
11456
11457
11458
11460
11464
11472
11488
11520
11521
11522
11523
11524
11525
11526
11528
11529
11530
11532
11536
11537
11538
11540
11544
11552
11553
11554
11556
11560
11568
11584
11585
11586
11588
11592
11600
11616
11648
11649
11650
11652
11656
11664
11680
11712
11776
11777
11778
11779
11780
11781
11782
11784
11785
11786
11788
11792
11793
11794
11796
11800
11808
11809
11810
11812
11816
11824
11840
11841
11842
11844
11848
11856
11872
11904
11905
11906
11908
11912
11920
11936
11968
12032
12033
12034
12036
12040
12048
12064
12096
12160
12288
12289
12290
12291
12292
12293
12294
12295
12296
12297
12298
12299
12300
12301
12302
12303
12304
12305
12306
12307
12308
12309
12310
12311
12312
12313
12314
12315
12316
12317
12318
12320
12321
12322
12323
12324
12325
12326
12327
12328
12329
12330
12331
12332
12333
12334
12336
12337
12338
12339
12340
12341
12342
12344
12345
12346
12348
12352
12353
12354
12355
12356
12357
12358
12359
12360
12361
12362
12363
12364
12365
12366
12368
12369
12370
12371
12372
12373
12374
12376
12377
12378
12380
12384
12385
12386
12387
12388
12389
12390
12392
12393
12394
12396
12400
12401
12402
12404
12408
12416
12417
12418
12419
12420
12421
12422
12423
12424
12425
12426
12427
12428
12429
12430
12432
12433
12434
12435
12436
12437
12438
12440
12441
12442
12444
12448
12449
12450
12451
12452
12453
12454
12456
12457
12458
12460
12464
12465
12466
12468
12472
12480
12481
12482
12483
12484
12485
12486
12488
12489
12490
12492
12496
12497
12498
12500
12504
12512
12513
12514
12516
12520
12528
12544
12545
12546
12547
12548
12549
12550
12551
12552
12553
12554
12555
12556
12557
12558
12560
12561
12562
12563
12564
12565
12566
12568
12569
12570
12572
12576
12577
12578
12579
12580
12581
12582
12584
12585
12586
12588
12592
12593
12594
12596
12600
12608
12609
12610
12611
12612
12613
12614
12616
12617
12618
12620
12624
12625
12626
12628
12632
12640
12641
12642
12644
12648
12656
12672
12673
12674
12675
12676
12677
12678
12680
12681
12682
12684
12688
12689
12690
12692
12696
12704
12705
12706
12708
12712
12720
12736
12737
12738
12740
12744
12752
12768
12800
12801
12802
12803
12804
12805
12806
12807
12808
12809
12810
12811
12812
12813
12814
12816
12817
12818
12819
12820
12821
12822
12824
12825
12826
12828
12832
12833
12834
12835
12836
12837
12838
12840
12841
12842
12844
12848
12849
12850
12852
12856
12864
12865
12866
12867
12868
12869
12870
12872
12873
12874
12876
12880
12881
12882
12884
12888
12896
12897
12898
12900
12904
12912
12928
12929
12930
12931
12932
12933
12934
12936
12937
12938
12940
12944
12945
12946
12948
12952
12960
12961
12962
12964
12968
12976
12992
12993
12994
12996
13000
13008
13024
13056
13057
13058
13059
13060
13061
13062
13064
13065
13066
13068
13072
13073
13074
13076
13080
13088
13089
13090
13092
13096
13104
13120
13121
13122
13124
13128
13136
13152
13184
13185
13186
13188
13192
13200
13216
13248
13312
13313
13314
13315
13316
13317
13318
13319
13320
13321
13322
13323
13324
13325
13326
13328
13329
13330
13331
13332
13333
13334
13336
13337
13338
13340
13344
13345
13346
13347
13348
13349
13350
13352
13353
13354
13356
13360
13361
13362
13364
13368
13376
13377
13378
13379
13380
13381
13382
13384
13385
13386
13388
13392
13393
13394
13396
13400
13408
13409
13410
13412
13416
13424
13440
13441
13442
13443
13444
13445
13446
13448
13449
13450
13452
13456
13457
13458
13460
13464
13472
13473
13474
13476
13480
13488
13504
13505
13506
13508
13512
13520
13536
13568
13569
13570
13571
13572
13573
13574
13576
13577
13578
13580
13584
13585
13586
13588
13592
13600
13601
13602
13604
13608
13616
13632
13633
13634
13636
13640
13648
13664
13696
13697
13698
13700
13704
13712
13728
13760
13824
13825
13826
13827
13828
13829
13830
13832
13833
13834
13836
13840
13841
13842
13844
13848
13856
13857
13858
13860
13864
13872
13888
13889
13890
13892
13896
13904
13920
13952
13953
13954
13956
13960
13968
13984
14016
14080
14081
14082
14084
14088
14096
14112
14144
14208
14336
14337
14338
14339
14340
14341
14342
14343
14344
14345
14346
14347
14348
14349
14350
14352
14353
14354
14355
14356
14357
14358
14360
14361
14362
14364
14368
14369
14370
14371
14372
14373
14374
14376
14377
14378
14380
14384
14385
14386
14388
14392
14400
14401
14402
14403
14404
14405
14406
14408
14409
14410
14412
14416
14417
14418
14420
14424
14432
14433
14434
14436
14440
14448
14464
14465
14466
14467
14468
14469
14470
14472
14473
14474
14476
14480
14481
14482
14484
14488
14496
14497
14498
14500
14504
14512
14528
14529
14530
14532
14536
14544
14560
14592
14593
14594
14595
14596
14597
14598
14600
14601
14602
14604
14608
14609
14610
14612
14616
14624
14625
14626
14628
14632
14640
14656
14657
14658
14660
14664
14672
14688
14720
14721
14722
14724
14728
14736
14752
14784
14848
14849
14850
14851
14852
14853
14854
14856
14857
14858
14860
14864
14865
14866
14868
14872
14880
14881
14882
14884
14888
14896
14912
14913
14914
14916
14920
14928
14944
14976
14977
14978
14980
14984
14992
15008
15040
15104
15105
15106
15108
15112
15120
15136
15168
15232
15360
15361
15362
15363
15364
15365
15366
15368
15369
15370
15372
15376
15377
15378
15380
15384
15392
15393
15394
15396
15400
15408
15424
15425
15426
15428
15432
15440
15456
15488
15489
15490
15492
15496
15504
15520
15552
15616
15617
15618
15620
15624
15632
15648
15680
15744
15872
15873
15874
15876
15880
15888
15904
15936
16000
16128
16384
16385
16386
16387
16388
16389
16390
16391
16392
16393
16394
16395
16396
16397
16398
16399
16400
16401
16402
16403
16404
16405
16406
16407
16408
16409
16410
16411
16412
16413
16414
16415
16416
16417
16418
16419
16420
16421
16422
16423
16424
16425
16426
16427
16428
16429
16430
16431
16432
16433
16434
16435
16436
16437
16438
16439
16440
16441
16442
16443
16444
16445
16446
16448
16449
16450
16451
16452
16453
16454
16455
16456
16457
16458
16459
16460
16461
16462
16463
16464
16465
16466
16467
16468
16469
16470
16471
16472
16473
16474
16475
16476
16477
16478
16480
16481
16482
16483
16484
16485
16486
16487
16488
16489
16490
16491
16492
16493
16494
16496
16497
16498
16499
16500
16501
16502
16504
16505
16506
16508
16512
16513
16514
16515
16516
16517
16518
16519
16520
16521
16522
16523
16524
16525
16526
16527
16528
16529
16530
16531
16532
16533
16534
16535
16536
16537
16538
16539
16540
16541
16542
16544
16545
16546
16547
16548
16549
16550
16551
16552
16553
16554
16555
16556
16557
16558
16560
16561
16562
16563
16564
16565
16566
16568
16569
16570
16572
16576
16577
16578
16579
16580
16581
16582
16583
16584
16585
16586
16587
16588
16589
16590
16592
16593
16594
16595
16596
16597
16598
16600
16601
16602
16604
16608
16609
16610
16611
16612
16613
16614
16616
16617
16618
16620
16624
16625
16626
16628
16632
16640
16641
16642
16643
16644
16645
16646
16647
16648
16649
16650
16651
16652
16653
16654
16655
16656
16657
16658
16659
16660
16661
16662
16663
16664
16665
16666
16667
16668
16669
16670
16672
16673
16674
16675
16676
16677
16678
16679
16680
16681
16682
16683
16684
16685
16686
16688
16689
16690
16691
16692
16693
16694
16696
16697
16698
16700
16704
16705
16706
16707
16708
16709
16710
16711
16712
16713
16714
16715
16716
16717
16718
16720
16721
16722
16723
16724
16725
16726
16728
16729
16730
16732
16736
16737
16738
16739
16740
16741
16742
16744
16745
16746
16748
16752
16753
16754
16756
16760
16768
16769
16770
16771
16772
16773
16774
16775
16776
16777
16778
16779
16780
16781
16782
16784
16785
16786
16787
16788
16789
16790
16792
16793
16794
16796
16800
16801
16802
16803
16804
16805
16806
16808
16809
16810
16812
16816
16817
16818
16820
16824
16832
16833
16834
16835
16836
16837
16838
16840
16841
16842
16844
16848
16849
16850
16852
16856
16864
16865
16866
16868
16872
16880
16896
16897
16898
16899
16900
16901
16902
16903
16904
16905
16906
16907
16908
16909
16910
16911
16912
16913
16914
16915
16916
16917
16918
16919
16920
16921
16922
16923
16924
16925
16926
16928
16929
16930
16931
16932
16933
16934
16935
16936
16937
16938
16939
16940
16941
16942
16944
16945
16946
16947
16948
16949
16950
16952
16953
16954
16956
16960
16961
16962
16963
16964
16965
16966
16967
16968
16969
16970
16971
16972
16973
16974
16976
16977
16978
16979
16980
16981
16982
16984
16985
16986
16988
16992
16993
16994
16995
16996
16997
16998
17000
17001
17002
17004
17008
17009
17010
17012
17016
17024
17025
17026
17027
17028
17029
17030
17031
17032
17033
17034
17035
17036
17037
17038
17040
17041
17042
17043
17044
17045
17046
17048
17049
17050
17052
17056
17057
17058
17059
17060
17061
17062
17064
17065
17066
17068
17072
17073
17074
17076
17080
17088
17089
17090
17091
17092
17093
17094
17096
17097
17098
17100
17104
17105
17106
17108
17112
17120
17121
17122
17124
17128
17136
17152
17153
17154
17155
17156
17157
17158
17159
17160
17161
17162
17163
17164
17165
17166
17168
17169
17170
17171
17172
17173
17174
17176
17177
17178
17180
17184
17185
17186
17187
17188
17189
17190
17192
17193
17194
17196
17200
17201
17202
17204
17208
17216
17217
17218
17219
17220
17221
17222
17224
17225
17226
17228
17232
17233
17234
17236
17240
17248
17249
17250
17252
17256
17264
17280
17281
17282
17283
17284
17285
17286
17288
17289
17290
17292
17296
17297
17298
17300
17304
17312
17313
17314
17316
17320
17328
17344
17345
17346
17348
17352
17360
17376
17408
17409
17410
17411
17412
17413
17414
17415
17416
17417
17418
17419
17420
17421
17422
17423
17424
17425
17426
17427
17428
17429
17430
17431
17432
17433
17434
17435
17436
17437
17438
17440
17441
17442
17443
17444
17445
17446
17447
17448
17449
17450
17451
17452
17453
17454
17456
17457
17458
17459
17460
17461
17462
17464
17465
17466
17468
17472
17473
17474
17475
17476
17477
17478
17479
17480
17481
17482
17483
17484
17485
17486
17488
17489
17490
17491
17492
17493
17494
17496
17497
17498
17500
17504
17505
17506
17507
17508
17509
17510
17512
17513
17514
17516
17520
17521
17522
17524
17528
17536
17537
17538
17539
17540
17541
17542
17543
17544
17545
17546
17547
17548
17549
17550
17552
17553
17554
17555
17556
17557
17558
17560
17561
17562
17564
17568
17569
17570
17571
17572
17573
17574
17576
17577
17578
17580
17584
17585
17586
17588
17592
17600
17601
17602
17603
17604
17605
17606
17608
17609
17610
17612
17616
17617
17618
17620
17624
17632
17633
17634
17636
17640
17648
17664
17665
17666
17667
17668
17669
17670
17671
17672
17673
17674
17675
17676
17677
17678
17680
17681
17682
17683
17684
17685
17686
17688
17689
17690
17692
17696
17697
17698
17699
17700
17701
17702
17704
17705
17706
17708
17712
17713
17714
17716
17720
17728
17729
17730
17731
17732
17733
17734
17736
17737
17738
17740
17744
17745
17746
17748
17752
17760
17761
17762
17764
17768
17776
17792
17793
17794
17795
17796
17797
17798
17800
17801
17802
17804
17808
17809
17810
17812
17816
17824
17825
17826
17828
17832
17840
17856
17857
17858
17860
17864
17872
17888
17920
17921
17922
17923
17924
17925
17926
17927
17928
17929
17930
17931
17932
17933
17934
17936
17937
17938
17939
17940
17941
17942
17944
17945
17946
17948
17952
17953
17954
17955
17956
17957
17958
17960
17961
17962
17964
17968
17969
17970
17972
17976
17984
17985
17986
17987
17988
17989
17990
17992
17993
17994
17996
18000
18001
18002
18004
18008
18016
18017
18018
18020
18024
18032
18048
18049
18050
18051
18052
18053
18054
18056
18057
18058
18060
18064
18065
18066
18068
18072
18080
18081
18082
18084
18088
18096
18112
18113
18114
18116
18120
18128
18144
18176
18177
18178
18179
18180
18181
18182
18184
18185
18186
18188
18192
18193
18194
18196
18200
18208
18209
18210
18212
18216
18224
18240
18241
18242
18244
18248
18256
18272
18304
18305
18306
18308
18312
18320
18336
18368
18432
18433
18434
18435
18436
18437
18438
18439
18440
18441
18442
18443
18444
18445
18446
18447
18448
18449
18450
18451
18452
18453
18454
18455
18456
18457
18458
18459
18460
18461
18462
18464
18465
18466
18467
18468
18469
18470
18471
18472
18473
18474
18475
18476
18477
18478
18480
18481
18482
18483
18484
18485
18486
18488
18489
18490
18492
18496
18497
18498
18499
18500
18501
18502
18503
18504
18505
18506
18507
18508
18509
18510
18512
18513
18514
18515
18516
18517
18518
18520
18521
18522
18524
18528
18529
18530
18531
18532
18533
18534
18536
18537
18538
18540
18544
18545
18546
18548
18552
18560
18561
18562
18563
18564
18565
18566
18567
18568
18569
18570
18571
18572
18573
18574
18576
18577
18578
18579
18580
18581
18582
18584
18585
18586
18588
18592
18593
18594
18595
18596
18597
18598
18600
18601
18602
18604
18608
18609
18610
18612
18616
18624
18625
18626
18627
18628
18629
18630
18632
18633
18634
18636
18640
18641
18642
18644
18648
18656
18657
18658
18660
18664
18672
18688
18689
18690
18691
18692
18693
18694
18695
18696
18697
18698
18699
18700
18701
18702
18704
18705
18706
18707
18708
18709
18710
18712
18713
18714
18716
18720
18721
18722
18723
18724
18725
18726
18728
18729
18730
18732
18736
18737
18738
18740
18744
18752
18753
18754
18755
18756
18757
18758
18760
18761
18762
18764
18768
18769
18770
18772
18776
18784
18785
18786
18788
18792
18800
18816
18817
18818
18819
18820
18821
18822
18824
18825
18826
18828
18832
18833
18834
18836
18840
18848
18849
18850
18852
18856
18864
18880
18881
18882
18884
18888
18896
18912
18944
18945
18946
18947
18948
18949
18950
18951
18952
18953
18954
18955
18956
18957
18958
18960
18961
18962
18963
18964
18965
18966
18968
18969
18970
18972
18976
18977
18978
18979
18980
18981
18982
18984
18985
18986
18988
18992
18993
18994
18996
19000
19008
19009
19010
19011
19012
19013
19014
19016
19017
19018
19020
19024
19025
19026
19028
19032
19040
19041
19042
19044
19048
19056
19072
19073
19074
19075
19076
19077
19078
19080
19081
19082
19084
19088
19089
19090
19092
19096
19104
19105
19106
19108
19112
19120
19136
19137
19138
19140
19144
19152
19168
19200
19201
19202
19203
19204
19205
19206
19208
19209
19210
19212
19216
19217
19218
19220
19224
19232
19233
19234
19236
19240
19248
19264
19265
19266
19268
19272
19280
19296
19328
19329
19330
19332
19336
19344
19360
19392
19456
19457
19458
19459
19460
19461
19462
19463
19464
19465
19466
19467
19468
19469
19470
19472
19473
19474
19475
19476
19477
19478
19480
19481
19482
19484
19488
19489
19490
19491
19492
19493
19494
19496
19497
19498
19500
19504
19505
19506
19508
19512
19520
19521
19522
19523
19524
19525
19526
19528
19529
19530
19532
19536
19537
19538
19540
19544
19552
19553
19554
19556
19560
19568
19584
19585
19586
19587
19588
19589
19590
19592
19593
19594
19596
19600
19601
19602
19604
19608
19616
19617
19618
19620
19624
19632
19648
19649
19650
19652
19656
19664
19680
19712
19713
19714
19715
19716
19717
19718
19720
19721
19722
19724
19728
19729
19730
19732
19736
19744
19745
19746
19748
19752
19760
19776
19777
19778
19780
19784
19792
19808
19840
19841
19842
19844
19848
19856
19872
19904
19968
19969
19970
19971
19972
19973
19974
19976
19977
19978
19980
19984
19985
19986
19988
19992
20000
20001
20002
20004
20008
20016
20032
20033
20034
20036
20040
20048
20064
20096
20097
20098
20100
20104
20112
20128
20160
20224
20225
20226
20228
20232
20240
20256
20288
20352
20480
20481
20482
20483
20484
20485
20486
20487
20488
20489
20490
20491
20492
20493
20494
20495
20496
20497
20498
20499
20500
20501
20502
20503
20504
20505
20506
20507
20508
20509
20510
20512
20513
20514
20515
20516
20517
20518
20519
20520
20521
20522
20523
20524
20525
20526
20528
20529
20530
20531
20532
20533
20534
20536
20537
20538
20540
20544
20545
20546
20547
20548
20549
20550
20551
20552
20553
20554
20555
20556
20557
20558
20560
20561
20562
20563
20564
20565
20566
20568
20569
20570
20572
20576
20577
20578
20579
20580
20581
20582
20584
20585
20586
20588
20592
20593
20594
20596
20600
20608
20609
20610
20611
20612
20613
20614
20615
20616
20617
20618
20619
20620
20621
20622
20624
20625
20626
20627
20628
20629
20630
20632
20633
20634
20636
20640
20641
20642
20643
20644
20645
20646
20648
20649
20650
20652
20656
20657
20658
20660
20664
20672
20673
20674
20675
20676
20677
20678
20680
20681
20682
20684
20688
20689
20690
20692
20696
20704
20705
20706
20708
20712
20720
20736
20737
20738
20739
20740
20741
20742
20743
20744
20745
20746
20747
20748
20749
20750
20752
20753
20754
20755
20756
20757
20758
20760
20761
20762
20764
20768
20769
20770
20771
20772
20773
20774
20776
20777
20778
20780
20784
20785
20786
20788
20792
20800
20801
20802
20803
20804
20805
20806
20808
20809
20810
20812
20816
20817
20818
20820
20824
20832
20833
20834
20836
20840
20848
20864
20865
20866
20867
20868
20869
20870
20872
20873
20874
20876
20880
20881
20882
20884
20888
20896
20897
20898
20900
20904
20912
20928
20929
20930
20932
20936
20944
20960
20992
20993
20994
20995
20996
20997
20998
20999
21000
21001
21002
21003
21004
21005
21006
21008
21009
21010
21011
21012
21013
21014
21016
21017
21018
21020
21024
21025
21026
21027
21028
21029
21030
21032
21033
21034
21036
21040
21041
21042
21044
21048
21056
21057
21058
21059
21060
21061
21062
21064
21065
21066
21068
21072
21073
21074
21076
21080
21088
21089
21090
21092
21096
21104
21120
21121
21122
21123
21124
21125
21126
21128
21129
21130
21132
21136
21137
21138
21140
21144
21152
21153
21154
21156
21160
21168
21184
21185
21186
21188
21192
21200
21216
21248
21249
21250
21251
21252
21253
21254
21256
21257
21258
21260
21264
21265
21266
21268
21272
21280
21281
21282
21284
21288
21296
21312
21313
21314
21316
21320
21328
21344
21376
21377
21378
21380
21384
21392
21408
21440
21504
21505
21506
21507
21508
21509
21510
21511
21512
21513
21514
21515
21516
21517
21518
21520
21521
21522
21523
21524
21525
21526
21528
21529
21530
21532
21536
21537
21538
21539
21540
21541
21542
21544
21545
21546
21548
21552
21553
21554
21556
21560
21568
21569
21570
21571
21572
21573
21574
21576
21577
21578
21580
21584
21585
21586
21588
21592
21600
21601
21602
21604
21608
21616
21632
21633
21634
21635
21636
21637
21638
21640
21641
21642
21644
21648
21649
21650
21652
21656
21664
21665
21666
21668
21672
21680
21696
21697
21698
21700
21704
21712
21728
21760
21761
21762
21763
21764
21765
21766
21768
21769
21770
21772
21776
21777
21778
21780
21784
21792
21793
21794
21796
21800
21808
21824
21825
21826
21828
21832
21840
21856
21888
21889
21890
21892
21896
21904
21920
21952
22016
22017
22018
22019
22020
22021
22022
22024
22025
22026
22028
22032
22033
22034
22036
22040
22048
22049
22050
22052
22056
22064
22080
22081
22082
22084
22088
22096
22112
22144
22145
22146
22148
22152
22160
22176
22208
22272
22273
22274
22276
22280
22288
22304
22336
22400
22528
22529
22530
22531
22532
22533
22534
22535
22536
22537
22538
22539
22540
22541
22542
22544
22545
22546
22547
22548
22549
22550
22552
22553
22554
22556
22560
22561
22562
22563
22564
22565
22566
22568
22569
22570
22572
22576
22577
22578
22580
22584
22592
22593
22594
22595
22596
22597
22598
22600
22601
22602
22604
22608
22609
22610
22612
22616
22624
22625
22626
22628
22632
22640
22656
22657
22658
22659
22660
22661
22662
22664
22665
22666
22668
22672
22673
22674
22676
22680
22688
22689
22690
22692
22696
22704
22720
22721
22722
22724
22728
22736
22752
22784
22785
22786
22787
22788
22789
22790
22792
22793
22794
22796
22800
22801
22802
22804
22808
22816
22817
22818
22820
22824
22832
22848
22849
22850
22852
22856
22864
22880
22912
22913
22914
22916
22920
22928
22944
22976
23040
23041
23042
23043
23044
23045
23046
23048
23049
23050
23052
23056
23057
23058
23060
23064
23072
23073
23074
23076
23080
23088
23104
23105
23106
23108
23112
23120
23136
23168
23169
23170
23172
23176
23184
23200
23232
23296
23297
23298
23300
23304
23312
23328
23360
23424
23552
23553
23554
23555
23556
23557
23558
23560
23561
23562
23564
23568
23569
23570
23572
23576
23584
23585
23586
23588
23592
23600
23616
23617
23618
23620
23624
23632
23648
23680
23681
23682
23684
23688
23696
23712
23744
23808
23809
23810
23812
23816
23824
23840
23872
23936
24064
24065
24066
24068
24072
24080
24096
24128
24192
24320
24576
24577
24578
24579
24580
24581
24582
24583
24584
24585
24586
24587
24588
24589
24590
24591
24592
24593
24594
24595
24596
24597
24598
24599
24600
24601
24602
24603
24604
24605
24606
24608
24609
24610
24611
24612
24613
24614
24615
24616
24617
24618
24619
24620
24621
24622
24624
24625
24626
24627
24628
24629
24630
24632
24633
24634
24636
24640
24641
24642
24643
24644
24645
24646
24647
24648
24649
24650
24651
24652
24653
24654
24656
24657
24658
24659
24660
24661
24662
24664
24665
24666
24668
24672
24673
24674
24675
24676
24677
24678
24680
24681
24682
24684
24688
24689
24690
24692
24696
24704
24705
24706
24707
24708
24709
24710
24711
24712
24713
24714
24715
24716
24717
24718
24720
24721
24722
24723
24724
24725
24726
24728
24729
24730
24732
24736
24737
24738
24739
24740
24741
24742
24744
24745
24746
24748
24752
24753
24754
24756
24760
24768
24769
24770
24771
24772
24773
24774
24776
24777
24778
24780
24784
24785
24786
24788
24792
24800
24801
24802
24804
24808
24816
24832
24833
24834
24835
24836
24837
24838
24839
24840
24841
24842
24843
24844
24845
24846
24848
24849
24850
24851
24852
24853
24854
24856
24857
24858
24860
24864
24865
24866
24867
24868
24869
24870
24872
24873
24874
24876
24880
24881
24882
24884
24888
24896
24897
24898
24899
24900
24901
24902
24904
24905
24906
24908
24912
24913
24914
24916
24920
24928
24929
24930
24932
24936
24944
24960
24961
24962
24963
24964
24965
24966
24968
24969
24970
24972
24976
24977
24978
24980
24984
24992
24993
24994
24996
25000
25008
25024
25025
25026
25028
25032
25040
25056
25088
25089
25090
25091
25092
25093
25094
25095
25096
25097
25098
25099
25100
25101
25102
25104
25105
25106
25107
25108
25109
25110
25112
25113
25114
25116
25120
25121
25122
25123
25124
25125
25126
25128
25129
25130
25132
25136
25137
25138
25140
25144
25152
25153
25154
25155
25156
25157
25158
25160
25161
25162
25164
25168
25169
25170
25172
25176
25184
25185
25186
25188
25192
25200
25216
25217
25218
25219
25220
25221
25222
25224
25225
25226
25228
25232
25233
25234
25236
25240
25248
25249
25250
25252
25256
25264
25280
25281
25282
25284
25288
25296
25312
25344
25345
25346
25347
25348
25349
25350
25352
25353
25354
25356
25360
25361
25362
25364
25368
25376
25377
25378
25380
25384
25392
25408
25409
25410
25412
25416
25424
25440
25472
25473
25474
25476
25480
25488
25504
25536
25600
25601
25602
25603
25604
25605
25606
25607
25608
25609
25610
25611
25612
25613
25614
25616
25617
25618
25619
25620
25621
25622
25624
25625
25626
25628
25632
25633
25634
25635
25636
25637
25638
25640
25641
25642
25644
25648
25649
25650
25652
25656
25664
25665
25666
25667
25668
25669
25670
25672
25673
25674
25676
25680
25681
25682
25684
25688
25696
25697
25698
25700
25704
25712
25728
25729
25730
25731
25732
25733
25734
25736
25737
25738
25740
25744
25745
25746
25748
25752
25760
25761
25762
25764
25768
25776
25792
25793
25794
25796
25800
25808
25824
25856
25857
25858
25859
25860
25861
25862
25864
25865
25866
25868
25872
25873
25874
25876
25880
25888
25889
25890
25892
25896
25904
25920
25921
25922
25924
25928
25936
25952
25984
25985
25986
25988
25992
26000
26016
26048
26112
26113
26114
26115
26116
26117
26118
26120
26121
26122
26124
26128
26129
26130
26132
26136
26144
26145
26146
26148
26152
26160
26176
26177
26178
26180
26184
26192
26208
26240
26241
26242
26244
26248
26256
26272
26304
26368
26369
26370
26372
26376
26384
26400
26432
26496
26624
26625
26626
26627
26628
26629
26630
26631
26632
26633
26634
26635
26636
26637
26638
26640
26641
26642
26643
26644
26645
26646
26648
26649
26650
26652
26656
26657
26658
26659
26660
26661
26662
26664
26665
26666
26668
26672
26673
26674
26676
26680
26688
26689
26690
26691
26692
26693
26694
26696
26697
26698
26700
26704
26705
26706
26708
26712
26720
26721
26722
26724
26728
26736
26752
26753
26754
26755
26756
26757
26758
26760
26761
26762
26764
26768
26769
26770
26772
26776
26784
26785
26786
26788
26792
26800
26816
26817
26818
26820
26824
26832
26848
26880
26881
26882
26883
26884
26885
26886
26888
26889
26890
26892
26896
26897
26898
26900
26904
26912
26913
26914
26916
26920
26928
26944
26945
26946
26948
26952
26960
26976
27008
27009
27010
27012
27016
27024
27040
27072
27136
27137
27138
27139
27140
27141
27142
27144
27145
27146
27148
27152
27153
27154
27156
27160
27168
27169
27170
27172
27176
27184
27200
27201
27202
27204
27208
27216
27232
27264
27265
27266
27268
27272
27280
27296
27328
27392
27393
27394
27396
27400
27408
27424
27456
27520
27648
27649
27650
27651
27652
27653
27654
27656
27657
27658
27660
27664
27665
27666
27668
27672
27680
27681
27682
27684
27688
27696
27712
27713
27714
27716
27720
27728
27744
27776
27777
27778
27780
27784
27792
27808
27840
27904
27905
27906
27908
27912
27920
27936
27968
28032
28160
28161
28162
28164
28168
28176
28192
28224
28288
28416
28672
28673
28674
28675
28676
28677
28678
28679
28680
28681
28682
28683
28684
28685
28686
28688
28689
28690
28691
28692
28693
28694
28696
28697
28698
28700
28704
28705
28706
28707
28708
28709
28710
28712
28713
28714
28716
28720
28721
28722
28724
28728
28736
28737
28738
28739
28740
28741
28742
28744
28745
28746
28748
28752
28753
28754
28756
28760
28768
28769
28770
28772
28776
28784
28800
28801
28802
28803
28804
28805
28806
28808
28809
28810
28812
28816
28817
28818
28820
28824
28832
28833
28834
28836
28840
28848
28864
28865
28866
28868
28872
28880
28896
28928
28929
28930
28931
28932
28933
28934
28936
28937
28938
28940
28944
28945
28946
28948
28952
28960
28961
28962
28964
28968
28976
28992
28993
28994
28996
29000
29008
29024
29056
29057
29058
29060
29064
29072
29088
29120
29184
29185
29186
29187
29188
29189
29190
29192
29193
29194
29196
29200
29201
29202
29204
29208
29216
29217
29218
29220
29224
29232
29248
29249
29250
29252
29256
29264
29280
29312
29313
29314
29316
29320
29328
29344
29376
29440
29441
29442
29444
29448
29456
29472
29504
29568
29696
29697
29698
29699
29700
29701
29702
29704
29705
29706
29708
29712
29713
29714
29716
29720
29728
29729
29730
29732
29736
29744
29760
29761
29762
29764
29768
29776
29792
29824
29825
29826
29828
29832
29840
29856
29888
29952
29953
29954
29956
29960
29968
29984
30016
30080
30208
30209
30210
30212
30216
30224
30240
30272
30336
30464
30720
30721
30722
30723
30724
30725
30726
30728
30729
30730
30732
30736
30737
30738
30740
30744
30752
30753
30754
30756
30760
30768
30784
30785
30786
30788
30792
30800
30816
30848
30849
30850
30852
30856
30864
30880
30912
30976
30977
30978
30980
30984
30992
31008
31040
31104
31232
31233
31234
31236
31240
31248
31264
31296
31360
31488
31744
31745
31746
31748
31752
31760
31776
31808
31872
32000
32256
32768
32769
32770
32771
32772
32773
32774
32775
32776
32777
32778
32779
32780
32781
32782
32783
32784
32785
32786
32787
32788
32789
32790
32791
32792
32793
32794
32795
32796
32797
32798
32799
32800
32801
32802
32803
32804
32805
32806
32807
32808
32809
32810
32811
32812
32813
32814
32815
32816
32817
32818
32819
32820
32821
32822
32823
32824
32825
32826
32827
32828
32829
32830
32832
32833
32834
32835
32836
32837
32838
32839
32840
32841
32842
32843
32844
32845
32846
32847
32848
32849
32850
32851
32852
32853
32854
32855
32856
32857
32858
32859
32860
32861
32862
32864
32865
32866
32867
32868
32869
32870
32871
32872
32873
32874
32875
32876
32877
32878
32880
32881
32882
32883
32884
32885
32886
32888
32889
32890
32892
32896
32897
32898
32899
32900
32901
32902
32903
32904
32905
32906
32907
32908
32909
32910
32911
32912
32913
32914
32915
32916
32917
32918
32919
32920
32921
32922
32923
32924
32925
32926
32928
32929
32930
32931
32932
32933
32934
32935
32936
32937
32938
32939
32940
32941
32942
32944
32945
32946
32947
32948
32949
32950
32952
32953
32954
32956
32960
32961
32962
32963
32964
32965
32966
32967
32968
32969
32970
32971
32972
32973
32974
32976
32977
32978
32979
32980
32981
32982
32984
32985
32986
32988
32992
32993
32994
32995
32996
32997
32998
33000
33001
33002
33004
33008
33009
33010
33012
33016
33024
33025
33026
33027
33028
33029
33030
33031
33032
33033
33034
33035
33036
33037
33038
33039
33040
33041
33042
33043
33044
33045
33046
33047
33048
33049
33050
33051
33052
33053
33054
33056
33057
33058
33059
33060
33061
33062
33063
33064
33065
33066
33067
33068
33069
33070
33072
33073
33074
33075
33076
33077
33078
33080
33081
33082
33084
33088
33089
33090
33091
33092
33093
33094
33095
33096
33097
33098
33099
33100
33101
33102
33104
33105
33106
33107
33108
33109
33110
33112
33113
33114
33116
33120
33121
33122
33123
33124
33125
33126
33128
33129
33130
33132
33136
33137
33138
33140
33144
33152
33153
33154
33155
33156
33157
33158
33159
33160
33161
33162
33163
33164
33165
33166
33168
33169
33170
33171
33172
33173
33174
33176
33177
33178
33180
33184
33185
33186
33187
33188
33189
33190
33192
33193
33194
33196
33200
33201
33202
33204
33208
33216
33217
33218
33219
33220
33221
33222
33224
33225
33226
33228
33232
33233
33234
33236
33240
33248
33249
33250
33252
33256
33264
33280
33281
33282
33283
33284
33285
33286
33287
33288
33289
33290
33291
33292
33293
33294
33295
33296
33297
33298
33299
33300
33301
33302
33303
33304
33305
33306
33307
33308
33309
33310
33312
33313
33314
33315
33316
33317
33318
33319
33320
33321
33322
33323
33324
33325
33326
33328
33329
33330
33331
33332
33333
33334
33336
33337
33338
33340
33344
33345
33346
33347
33348
33349
33350
33351
33352
33353
33354
33355
33356
33357
33358
33360
33361
33362
33363
33364
33365
33366
33368
33369
33370
33372
33376
33377
33378
33379
33380
33381
33382
33384
33385
33386
33388
33392
33393
33394
33396
33400
33408
33409
33410
33411
33412
33413
33414
33415
33416
33417
33418
33419
33420
33421
33422
33424
33425
33426
33427
33428
33429
33430
33432
33433
33434
33436
33440
33441
33442
33443
33444
33445
33446
33448
33449
33450
33452
33456
33457
33458
33460
33464
33472
33473
33474
33475
33476
33477
33478
33480
33481
33482
33484
33488
33489
33490
33492
33496
33504
33505
33506
33508
33512
33520
33536
33537
33538
33539
33540
33541
33542
33543
33544
33545
33546
33547
33548
33549
33550
33552
33553
33554
33555
33556
33557
33558
33560
33561
33562
33564
33568
33569
33570
33571
33572
33573
33574
33576
33577
33578
33580
33584
33585
33586
33588
33592
33600
33601
33602
33603
33604
33605
33606
33608
33609
33610
33612
33616
33617
33618
33620
33624
33632
33633
33634
33636
33640
33648
33664
33665
33666
33667
33668
33669
33670
33672
33673
33674
33676
33680
33681
33682
33684
33688
33696
33697
33698
33700
33704
33712
33728
33729
33730
33732
33736
33744
33760
33792
33793
33794
33795
33796
33797
33798
33799
33800
33801
33802
33803
33804
33805
33806
33807
33808
33809
33810
33811
33812
33813
33814
33815
33816
33817
33818
33819
33820
33821
33822
33824
33825
33826
33827
33828
33829
33830
33831
33832
33833
33834
33835
33836
33837
33838
33840
33841
33842
33843
33844
33845
33846
33848
33849
33850
33852
33856
33857
33858
33859
33860
33861
33862
33863
33864
33865
33866
33867
33868
33869
33870
33872
33873
33874
33875
33876
33877
33878
33880
33881
33882
33884
33888
33889
33890
33891
33892
33893
33894
33896
33897
33898
33900
33904
33905
33906
33908
33912
33920
33921
33922
33923
33924
33925
33926
33927
33928
33929
33930
33931
33932
33933
33934
33936
33937
33938
33939
33940
33941
33942
33944
33945
33946
33948
33952
33953
33954
33955
33956
33957
33958
33960
33961
33962
33964
33968
33969
33970
33972
33976
33984
33985
33986
33987
33988
33989
33990
33992
33993
33994
33996
34000
34001
34002
34004
34008
34016
34017
34018
34020
34024
34032
34048
34049
34050
34051
34052
34053
34054
34055
34056
34057
34058
34059
34060
34061
34062
34064
34065
34066
34067
34068
34069
34070
34072
34073
34074
34076
34080
34081
34082
34083
34084
34085
34086
34088
34089
34090
34092
34096
34097
34098
34100
34104
34112
34113
34114
34115
34116
34117
34118
34120
34121
34122
34124
34128
34129
34130
34132
34136
34144
34145
34146
34148
34152
34160
34176
34177
34178
34179
34180
34181
34182
34184
34185
34186
34188
34192
34193
34194
34196
34200
34208
34209
34210
34212
34216
34224
34240
34241
34242
34244
34248
34256
34272
34304
34305
34306
34307
34308
34309
34310
34311
34312
34313
34314
34315
34316
34317
34318
34320
34321
34322
34323
34324
34325
34326
34328
34329
34330
34332
34336
34337
34338
34339
34340
34341
34342
34344
34345
34346
34348
34352
34353
34354
34356
34360
34368
34369
34370
34371
34372
34373
34374
34376
34377
34378
34380
34384
34385
34386
34388
34392
34400
34401
34402
34404
34408
34416
34432
34433
34434
34435
34436
34437
34438
34440
34441
34442
34444
34448
34449
34450
34452
34456
34464
34465
34466
34468
34472
34480
34496
34497
34498
34500
34504
34512
34528
34560
34561
34562
34563
34564
34565
34566
34568
34569
34570
34572
34576
34577
34578
34580
34584
34592
34593
34594
34596
34600
34608
34624
34625
34626
34628
34632
34640
34656
34688
34689
34690
34692
34696
34704
34720
34752
34816
34817
34818
34819
34820
34821
34822
34823
34824
34825
34826
34827
34828
34829
34830
34831
34832
34833
34834
34835
34836
34837
34838
34839
34840
34841
34842
34843
34844
34845
34846
34848
34849
34850
34851
34852
34853
34854
34855
34856
34857
34858
34859
34860
34861
34862
34864
34865
34866
34867
34868
34869
34870
34872
34873
34874
34876
34880
34881
34882
34883
34884
34885
34886
34887
34888
34889
34890
34891
34892
34893
34894
34896
34897
34898
34899
34900
34901
34902
34904
34905
34906
34908
34912
34913
34914
34915
34916
34917
34918
34920
34921
34922
34924
34928
34929
34930
34932
34936
34944
34945
34946
34947
34948
34949
34950
34951
34952
34953
34954
34955
34956
34957
34958
34960
34961
34962
34963
34964
34965
34966
34968
34969
34970
34972
34976
34977
34978
34979
34980
34981
34982
34984
34985
34986
34988
34992
34993
34994
34996
35000
35008
35009
35010
35011
35012
35013
35014
35016
35017
35018
35020
35024
35025
35026
35028
35032
35040
35041
35042
35044
35048
35056
35072
35073
35074
35075
35076
35077
35078
35079
35080
35081
35082
35083
35084
35085
35086
35088
35089
35090
35091
35092
35093
35094
35096
35097
35098
35100
35104
35105
35106
35107
35108
35109
35110
35112
35113
35114
35116
35120
35121
35122
35124
35128
35136
35137
35138
35139
35140
35141
35142
35144
35145
35146
35148
35152
35153
35154
35156
35160
35168
35169
35170
35172
35176
35184
35200
35201
35202
35203
35204
35205
35206
35208
35209
35210
35212
35216
35217
35218
35220
35224
35232
35233
35234
35236
35240
35248
35264
35265
35266
35268
35272
35280
35296
35328
35329
35330
35331
35332
35333
35334
35335
35336
35337
35338
35339
35340
35341
35342
35344
35345
35346
35347
35348
35349
35350
35352
35353
35354
35356
35360
35361
35362
35363
35364
35365
35366
35368
35369
35370
35372
35376
35377
35378
35380
35384
35392
35393
35394
35395
35396
35397
35398
35400
35401
35402
35404
35408
35409
35410
35412
35416
35424
35425
35426
35428
35432
35440
35456
35457
35458
35459
35460
35461
35462
35464
35465
35466
35468
35472
35473
35474
35476
35480
35488
35489
35490
35492
35496
35504
35520
35521
35522
35524
35528
35536
35552
35584
35585
35586
35587
35588
35589
35590
35592
35593
35594
35596
35600
35601
35602
35604
35608
35616
35617
35618
35620
35624
35632
35648
35649
35650
35652
35656
35664
35680
35712
35713
35714
35716
35720
35728
35744
35776
35840
35841
35842
35843
35844
35845
35846
35847
35848
35849
35850
35851
35852
35853
35854
35856
35857
35858
35859
35860
35861
35862
35864
35865
35866
35868
35872
35873
35874
35875
35876
35877
35878
35880
35881
35882
35884
35888
35889
35890
35892
35896
35904
35905
35906
35907
35908
35909
35910
35912
35913
35914
35916
35920
35921
35922
35924
35928
35936
35937
35938
35940
35944
35952
35968
35969
35970
35971
35972
35973
35974
35976
35977
35978
35980
35984
35985
35986
35988
35992
36000
36001
36002
36004
36008
36016
36032
36033
36034
36036
36040
36048
36064
36096
36097
36098
36099
36100
36101
36102
36104
36105
36106
36108
36112
36113
36114
36116
36120
36128
36129
36130
36132
36136
36144
36160
36161
36162
36164
36168
36176
36192
36224
36225
36226
36228
36232
36240
36256
36288
36352
36353
36354
36355
36356
36357
36358
36360
36361
36362
36364
36368
36369
36370
36372
36376
36384
36385
36386
36388
36392
36400
36416
36417
36418
36420
36424
36432
36448
36480
36481
36482
36484
36488
36496
36512
36544
36608
36609
36610
36612
36616
36624
36640
36672
36736
36864
36865
36866
36867
36868
36869
36870
36871
36872
36873
36874
36875
36876
36877
36878
36879
36880
36881
36882
36883
36884
36885
36886
36887
36888
36889
36890
36891
36892
36893
36894
36896
36897
36898
36899
36900
36901
36902
36903
36904
36905
36906
36907
36908
36909
36910
36912
36913
36914
36915
36916
36917
36918
36920
36921
36922
36924
36928
36929
36930
36931
36932
36933
36934
36935
36936
36937
36938
36939
36940
36941
36942
36944
36945
36946
36947
36948
36949
36950
36952
36953
36954
36956
36960
36961
36962
36963
36964
36965
36966
36968
36969
36970
36972
36976
36977
36978
36980
36984
36992
36993
36994
36995
36996
36997
36998
36999
37000
37001
37002
37003
37004
37005
37006
37008
37009
37010
37011
37012
37013
37014
37016
37017
37018
37020
37024
37025
37026
37027
37028
37029
37030
37032
37033
37034
37036
37040
37041
37042
37044
37048
37056
37057
37058
37059
37060
37061
37062
37064
37065
37066
37068
37072
37073
37074
37076
37080
37088
37089
37090
37092
37096
37104
37120
37121
37122
37123
37124
37125
37126
37127
37128
37129
37130
37131
37132
37133
37134
37136
37137
37138
37139
37140
37141
37142
37144
37145
37146
37148
37152
37153
37154
37155
37156
37157
37158
37160
37161
37162
37164
37168
37169
37170
37172
37176
37184
37185
37186
37187
37188
37189
37190
37192
37193
37194
37196
37200
37201
37202
37204
37208
37216
37217
37218
37220
37224
37232
37248
37249
37250
37251
37252
37253
37254
37256
37257
37258
37260
37264
37265
37266
37268
37272
37280
37281
37282
37284
37288
37296
37312
37313
37314
37316
37320
37328
37344
37376
37377
37378
37379
37380
37381
37382
37383
37384
37385
37386
37387
37388
37389
37390
37392
37393
37394
37395
37396
37397
37398
37400
37401
37402
37404
37408
37409
37410
37411
37412
37413
37414
37416
37417
37418
37420
37424
37425
37426
37428
37432
37440
37441
37442
37443
37444
37445
37446
37448
37449
37450
37452
37456
37457
37458
37460
37464
37472
37473
37474
37476
37480
37488
37504
37505
37506
37507
37508
37509
37510
37512
37513
37514
37516
37520
37521
37522
37524
37528
37536
37537
37538
37540
37544
37552
37568
37569
37570
37572
37576
37584
37600
37632
37633
37634
37635
37636
37637
37638
37640
37641
37642
37644
37648
37649
37650
37652
37656
37664
37665
37666
37668
37672
37680
37696
37697
37698
37700
37704
37712
37728
37760
37761
37762
37764
37768
37776
37792
37824
37888
37889
37890
37891
37892
37893
37894
37895
37896
37897
37898
37899
37900
37901
37902
37904
37905
37906
37907
37908
37909
37910
37912
37913
37914
37916
37920
37921
37922
37923
37924
37925
37926
37928
37929
37930
37932
37936
37937
37938
37940
37944
37952
37953
37954
37955
37956
37957
37958
37960
37961
37962
37964
37968
37969
37970
37972
37976
37984
37985
37986
37988
37992
38000
38016
38017
38018
38019
38020
38021
38022
38024
38025
38026
38028
38032
38033
38034
38036
38040
38048
38049
38050
38052
38056
38064
38080
38081
38082
38084
38088
38096
38112
38144
38145
38146
38147
38148
38149
38150
38152
38153
38154
38156
38160
38161
38162
38164
38168
38176
38177
38178
38180
38184
38192
38208
38209
38210
38212
38216
38224
38240
38272
38273
38274
38276
38280
38288
38304
38336
38400
38401
38402
38403
38404
38405
38406
38408
38409
38410
38412
38416
38417
38418
38420
38424
38432
38433
38434
38436
38440
38448
38464
38465
38466
38468
38472
38480
38496
38528
38529
38530
38532
38536
38544
38560
38592
38656
38657
38658
38660
38664
38672
38688
38720
38784
38912
38913
38914
38915
38916
38917
38918
38919
38920
38921
38922
38923
38924
38925
38926
38928
38929
38930
38931
38932
38933
38934
38936
38937
38938
38940
38944
38945
38946
38947
38948
38949
38950
38952
38953
38954
38956
38960
38961
38962
38964
38968
38976
38977
38978
38979
38980
38981
38982
38984
38985
38986
38988
38992
38993
38994
38996
39000
39008
39009
39010
39012
39016
39024
39040
39041
39042
39043
39044
39045
39046
39048
39049
39050
39052
39056
39057
39058
39060
39064
39072
39073
39074
39076
39080
39088
39104
39105
39106
39108
39112
39120
39136
39168
39169
39170
39171
39172
39173
39174
39176
39177
39178
39180
39184
39185
39186
39188
39192
39200
39201
39202
39204
39208
39216
39232
39233
39234
39236
39240
39248
39264
39296
39297
39298
39300
39304
39312
39328
39360
39424
39425
39426
39427
39428
39429
39430
39432
39433
39434
39436
39440
39441
39442
39444
39448
39456
39457
39458
39460
39464
39472
39488
39489
39490
39492
39496
39504
39520
39552
39553
39554
39556
39560
39568
39584
39616
39680
39681
39682
39684
39688
39696
39712
39744
39808
39936
39937
39938
39939
39940
39941
39942
39944
39945
39946
39948
39952
39953
39954
39956
39960
39968
39969
39970
39972
39976
39984
40000
40001
40002
40004
40008
40016
40032
40064
40065
40066
40068
40072
40080
40096
40128
40192
40193
40194
40196
40200
40208
40224
40256
40320
40448
40449
40450
40452
40456
40464
40480
40512
40576
40704
40960
40961
40962
40963
40964
40965
40966
40967
40968
40969
40970
40971
40972
40973
40974
40975
40976
40977
40978
40979
40980
40981
40982
40983
40984
40985
40986
40987
40988
40989
40990
40992
40993
40994
40995
40996
40997
40998
40999
41000
41001
41002
41003
41004
41005
41006
41008
41009
41010
41011
41012
41013
41014
41016
41017
41018
41020
41024
41025
41026
41027
41028
41029
41030
41031
41032
41033
41034
41035
41036
41037
41038
41040
41041
41042
41043
41044
41045
41046
41048
41049
41050
41052
41056
41057
41058
41059
41060
41061
41062
41064
41065
41066
41068
41072
41073
41074
41076
41080
41088
41089
41090
41091
41092
41093
41094
41095
41096
41097
41098
41099
41100
41101
41102
41104
41105
41106
41107
41108
41109
41110
41112
41113
41114
41116
41120
41121
41122
41123
41124
41125
41126
41128
41129
41130
41132
41136
41137
41138
41140
41144
41152
41153
41154
41155
41156
41157
41158
41160
41161
41162
41164
41168
41169
41170
41172
41176
41184
41185
41186
41188
41192
41200
41216
41217
41218
41219
41220
41221
41222
41223
41224
41225
41226
41227
41228
41229
41230
41232
41233
41234
41235
41236
41237
41238
41240
41241
41242
41244
41248
41249
41250
41251
41252
41253
41254
41256
41257
41258
41260
41264
41265
41266
41268
41272
41280
41281
41282
41283
41284
41285
41286
41288
41289
41290
41292
41296
41297
41298
41300
41304
41312
41313
41314
41316
41320
41328
41344
41345
41346
41347
41348
41349
41350
41352
41353
41354
41356
41360
41361
41362
41364
41368
41376
41377
41378
41380
41384
41392
41408
41409
41410
41412
41416
41424
41440
41472
41473
41474
41475
41476
41477
41478
41479
41480
41481
41482
41483
41484
41485
41486
41488
41489
41490
41491
41492
41493
41494
41496
41497
41498
41500
41504
41505
41506
41507
41508
41509
41510
41512
41513
41514
41516
41520
41521
41522
41524
41528
41536
41537
41538
41539
41540
41541
41542
41544
41545
41546
41548
41552
41553
41554
41556
41560
41568
41569
41570
41572
41576
41584
41600
41601
41602
41603
41604
41605
41606
41608
41609
41610
41612
41616
41617
41618
41620
41624
41632
41633
41634
41636
41640
41648
41664
41665
41666
41668
41672
41680
41696
41728
41729
41730
41731
41732
41733
41734
41736
41737
41738
41740
41744
41745
41746
41748
41752
41760
41761
41762
41764
41768
41776
41792
41793
41794
41796
41800
41808
41824
41856
41857
41858
41860
41864
41872
41888
41920
41984
41985
41986
41987
41988
41989
41990
41991
41992
41993
41994
41995
41996
41997
41998
42000
42001
42002
42003
42004
42005
42006
42008
42009
42010
42012
42016
42017
42018
42019
42020
42021
42022
42024
42025
42026
42028
42032
42033
42034
42036
42040
42048
42049
42050
42051
42052
42053
42054
42056
42057
42058
42060
42064
42065
42066
42068
42072
42080
42081
42082
42084
42088
42096
42112
42113
42114
42115
42116
42117
42118
42120
42121
42122
42124
42128
42129
42130
42132
42136
42144
42145
42146
42148
42152
42160
42176
42177
42178
42180
42184
42192
42208
42240
42241
42242
42243
42244
42245
42246
42248
42249
42250
42252
42256
42257
42258
42260
42264
42272
42273
42274
42276
42280
42288
42304
42305
42306
42308
42312
42320
42336
42368
42369
42370
42372
42376
42384
42400
42432
42496
42497
42498
42499
42500
42501
42502
42504
42505
42506
42508
42512
42513
42514
42516
42520
42528
42529
42530
42532
42536
42544
42560
42561
42562
42564
42568
42576
42592
42624
42625
42626
42628
42632
42640
42656
42688
42752
42753
42754
42756
42760
42768
42784
42816
42880
43008
43009
43010
43011
43012
43013
43014
43015
43016
43017
43018
43019
43020
43021
43022
43024
43025
43026
43027
43028
43029
43030
43032
43033
43034
43036
43040
43041
43042
43043
43044
43045
43046
43048
43049
43050
43052
43056
43057
43058
43060
43064
43072
43073
43074
43075
43076
43077
43078
43080
43081
43082
43084
43088
43089
43090
43092
43096
43104
43105
43106
43108
43112
43120
43136
43137
43138
43139
43140
43141
43142
43144
43145
43146
43148
43152
43153
43154
43156
43160
43168
43169
43170
43172
43176
43184
43200
43201
43202
43204
43208
43216
43232
43264
43265
43266
43267
43268
43269
43270
43272
43273
43274
43276
43280
43281
43282
43284
43288
43296
43297
43298
43300
43304
43312
43328
43329
43330
43332
43336
43344
43360
43392
43393
43394
43396
43400
43408
43424
43456
43520
43521
43522
43523
43524
43525
43526
43528
43529
43530
43532
43536
43537
43538
43540
43544
43552
43553
43554
43556
43560
43568
43584
43585
43586
43588
43592
43600
43616
43648
43649
43650
43652
43656
43664
43680
43712
43776
43777
43778
43780
43784
43792
43808
43840
43904
44032
44033
44034
44035
44036
44037
44038
44040
44041
44042
44044
44048
44049
44050
44052
44056
44064
44065
44066
44068
44072
44080
44096
44097
44098
44100
44104
44112
44128
44160
44161
44162
44164
44168
44176
44192
44224
44288
44289
44290
44292
44296
44304
44320
44352
44416
44544
44545
44546
44548
44552
44560
44576
44608
44672
44800
45056
45057
45058
45059
45060
45061
45062
45063
45064
45065
45066
45067
45068
45069
45070
45072
45073
45074
45075
45076
45077
45078
45080
45081
45082
45084
45088
45089
45090
45091
45092
45093
45094
45096
45097
45098
45100
45104
45105
45106
45108
45112
45120
45121
45122
45123
45124
45125
45126
45128
45129
45130
45132
45136
45137
45138
45140
45144
45152
45153
45154
45156
45160
45168
45184
45185
45186
45187
45188
45189
45190
45192
45193
45194
45196
45200
45201
45202
45204
45208
45216
45217
45218
45220
45224
45232
45248
45249
45250
45252
45256
45264
45280
45312
45313
45314
45315
45316
45317
45318
45320
45321
45322
45324
45328
45329
45330
45332
45336
45344
45345
45346
45348
45352
45360
45376
45377
45378
45380
45384
45392
45408
45440
45441
45442
45444
45448
45456
45472
45504
45568
45569
45570
45571
45572
45573
45574
45576
45577
45578
45580
45584
45585
45586
45588
45592
45600
45601
45602
45604
45608
45616
45632
45633
45634
45636
45640
45648
45664
45696
45697
45698
45700
45704
45712
45728
45760
45824
45825
45826
45828
45832
45840
45856
45888
45952
46080
46081
46082
46083
46084
46085
46086
46088
46089
46090
46092
46096
46097
46098
46100
46104
46112
46113
46114
46116
46120
46128
46144
46145
46146
46148
46152
46160
46176
46208
46209
46210
46212
46216
46224
46240
46272
46336
46337
46338
46340
46344
46352
46368
46400
46464
46592
46593
46594
46596
46600
46608
46624
46656
46720
46848
47104
47105
47106
47107
47108
47109
47110
47112
47113
47114
47116
47120
47121
47122
47124
47128
47136
47137
47138
47140
47144
47152
47168
47169
47170
47172
47176
47184
47200
47232
47233
47234
47236
47240
47248
47264
47296
47360
47361
47362
47364
47368
47376
47392
47424
47488
47616
47617
47618
47620
47624
47632
47648
47680
47744
47872
48128
48129
48130
48132
48136
48144
48160
48192
48256
48384
48640
49152
49153
49154
49155
49156
49157
49158
49159
49160
49161
49162
49163
49164
49165
49166
49167
49168
49169
49170
49171
49172
49173
49174
49175
49176
49177
49178
49179
49180
49181
49182
49184
49185
49186
49187
49188
49189
49190
49191
49192
49193
49194
49195
49196
49197
49198
49200
49201
49202
49203
49204
49205
49206
49208
49209
49210
49212
49216
49217
49218
49219
49220
49221
49222
49223
49224
49225
49226
49227
49228
49229
49230
49232
49233
49234
49235
49236
49237
49238
49240
49241
49242
49244
49248
49249
49250
49251
49252
49253
49254
49256
49257
49258
49260
49264
49265
49266
49268
49272
49280
49281
49282
49283
49284
49285
49286
49287
49288
49289
49290
49291
49292
49293
49294
49296
49297
49298
49299
49300
49301
49302
49304
49305
49306
49308
49312
49313
49314
49315
49316
49317
49318
49320
49321
49322
49324
49328
49329
49330
49332
49336
49344
49345
49346
49347
49348
49349
49350
49352
49353
49354
49356
49360
49361
49362
49364
49368
49376
49377
49378
49380
49384
49392
49408
49409
49410
49411
49412
49413
49414
49415
49416
49417
49418
49419
49420
49421
49422
49424
49425
49426
49427
49428
49429
49430
49432
49433
49434
49436
49440
49441
49442
49443
49444
49445
49446
49448
49449
49450
49452
49456
49457
49458
49460
49464
49472
49473
49474
49475
49476
49477
49478
49480
49481
49482
49484
49488
49489
49490
49492
49496
49504
49505
49506
49508
49512
49520
49536
49537
49538
49539
49540
49541
49542
49544
49545
49546
49548
49552
49553
49554
49556
49560
49568
49569
49570
49572
49576
49584
49600
49601
49602
49604
49608
49616
49632
49664
49665
49666
49667
49668
49669
49670
49671
49672
49673
49674
49675
49676
49677
49678
49680
49681
49682
49683
49684
49685
49686
49688
49689
49690
49692
49696
49697
49698
49699
49700
49701
49702
49704
49705
49706
49708
49712
49713
49714
49716
49720
49728
49729
49730
49731
49732
49733
49734
49736
49737
49738
49740
49744
49745
49746
49748
49752
49760
49761
49762
49764
49768
49776
49792
49793
49794
49795
49796
49797
49798
49800
49801
49802
49804
49808
49809
49810
49812
49816
49824
49825
49826
49828
49832
49840
49856
49857
49858
49860
49864
49872
49888
49920
49921
49922
49923
49924
49925
49926
49928
49929
49930
49932
49936
49937
49938
49940
49944
49952
49953
49954
49956
49960
49968
49984
49985
49986
49988
49992
50000
50016
50048
50049
50050
50052
50056
50064
50080
50112
50176
50177
50178
50179
50180
50181
50182
50183
50184
50185
50186
50187
50188
50189
50190
50192
50193
50194
50195
50196
50197
50198
50200
50201
50202
50204
50208
50209
50210
50211
50212
50213
50214
50216
50217
50218
50220
50224
50225
50226
50228
50232
50240
50241
50242
50243
50244
50245
50246
50248
50249
50250
50252
50256
50257
50258
50260
50264
50272
50273
50274
50276
50280
50288
50304
50305
50306
50307
50308
50309
50310
50312
50313
50314
50316
50320
50321
50322
50324
50328
50336
50337
50338
50340
50344
50352
50368
50369
50370
50372
50376
50384
50400
50432
50433
50434
50435
50436
50437
50438
50440
50441
50442
50444
50448
50449
50450
50452
50456
50464
50465
50466
50468
50472
50480
50496
50497
50498
50500
50504
50512
50528
50560
50561
50562
50564
50568
50576
50592
50624
50688
50689
50690
50691
50692
50693
50694
50696
50697
50698
50700
50704
50705
50706
50708
50712
50720
50721
50722
50724
50728
50736
50752
50753
50754
50756
50760
50768
50784
50816
50817
50818
50820
50824
50832
50848
50880
50944
50945
50946
50948
50952
50960
50976
51008
51072
51200
51201
51202
51203
51204
51205
51206
51207
51208
51209
51210
51211
51212
51213
51214
51216
51217
51218
51219
51220
51221
51222
51224
51225
51226
51228
51232
51233
51234
51235
51236
51237
51238
51240
51241
51242
51244
51248
51249
51250
51252
51256
51264
51265
51266
51267
51268
51269
51270
51272
51273
51274
51276
51280
51281
51282
51284
51288
51296
51297
51298
51300
51304
51312
51328
51329
51330
51331
51332
51333
51334
51336
51337
51338
51340
51344
51345
51346
51348
51352
51360
51361
51362
51364
51368
51376
51392
51393
51394
51396
51400
51408
51424
51456
51457
51458
51459
51460
51461
51462
51464
51465
51466
51468
51472
51473
51474
51476
51480
51488
51489
51490
51492
51496
51504
51520
51521
51522
51524
51528
51536
51552
51584
51585
51586
51588
51592
51600
51616
51648
51712
51713
51714
51715
51716
51717
51718
51720
51721
51722
51724
51728
51729
51730
51732
51736
51744
51745
51746
51748
51752
51760
51776
51777
51778
51780
51784
51792
51808
51840
51841
51842
51844
51848
51856
51872
51904
51968
51969
51970
51972
51976
51984
52000
52032
52096
52224
52225
52226
52227
52228
52229
52230
52232
52233
52234
52236
52240
52241
52242
52244
52248
52256
52257
52258
52260
52264
52272
52288
52289
52290
52292
52296
52304
52320
52352
52353
52354
52356
52360
52368
52384
52416
52480
52481
52482
52484
52488
52496
52512
52544
52608
52736
52737
52738
52740
52744
52752
52768
52800
52864
52992
53248
53249
53250
53251
53252
53253
53254
53255
53256
53257
53258
53259
53260
53261
53262
53264
53265
53266
53267
53268
53269
53270
53272
53273
53274
53276
53280
53281
53282
53283
53284
53285
53286
53288
53289
53290
53292
53296
53297
53298
53300
53304
53312
53313
53314
53315
53316
53317
53318
53320
53321
53322
53324
53328
53329
53330
53332
53336
53344
53345
53346
53348
53352
53360
53376
53377
53378
53379
53380
53381
53382
53384
53385
53386
53388
53392
53393
53394
53396
53400
53408
53409
53410
53412
53416
53424
53440
53441
53442
53444
53448
53456
53472
53504
53505
53506
53507
53508
53509
53510
53512
53513
53514
53516
53520
53521
53522
53524
53528
53536
53537
53538
53540
53544
53552
53568
53569
53570
53572
53576
53584
53600
53632
53633
53634
53636
53640
53648
53664
53696
53760
53761
53762
53763
53764
53765
53766
53768
53769
53770
53772
53776
53777
53778
53780
53784
53792
53793
53794
53796
53800
53808
53824
53825
53826
53828
53832
53840
53856
53888
53889
53890
53892
53896
53904
53920
53952
54016
54017
54018
54020
54024
54032
54048
54080
54144
54272
54273
54274
54275
54276
54277
54278
54280
54281
54282
54284
54288
54289
54290
54292
54296
54304
54305
54306
54308
54312
54320
54336
54337
54338
54340
54344
54352
54368
54400
54401
54402
54404
54408
54416
54432
54464
54528
54529
54530
54532
54536
54544
54560
54592
54656
54784
54785
54786
54788
54792
54800
54816
54848
54912
55040
55296
55297
55298
55299
55300
55301
55302
55304
55305
55306
55308
55312
55313
55314
55316
55320
55328
55329
55330
55332
55336
55344
55360
55361
55362
55364
55368
55376
55392
55424
55425
55426
55428
55432
55440
55456
55488
55552
55553
55554
55556
55560
55568
55584
55616
55680
55808
55809
55810
55812
55816
55824
55840
55872
55936
56064
56320
56321
56322
56324
56328
56336
56352
56384
56448
56576
56832
57344
57345
57346
57347
57348
57349
57350
57351
57352
57353
57354
57355
57356
57357
57358
57360
57361
57362
57363
57364
57365
57366
57368
57369
57370
57372
57376
57377
57378
57379
57380
57381
57382
57384
57385
57386
57388
57392
57393
57394
57396
57400
57408
57409
57410
57411
57412
57413
57414
57416
57417
57418
57420
57424
57425
57426
57428
57432
57440
57441
57442
57444
57448
57456
57472
57473
57474
57475
57476
57477
57478
57480
57481
57482
57484
57488
57489
57490
57492
57496
57504
57505
57506
57508
57512
57520
57536
57537
57538
57540
57544
57552
57568
57600
57601
57602
57603
57604
57605
57606
57608
57609
57610
57612
57616
57617
57618
57620
57624
57632
57633
57634
57636
57640
57648
57664
57665
57666
57668
57672
57680
57696
57728
57729
57730
57732
57736
57744
57760
57792
57856
57857
57858
57859
57860
57861
57862
57864
57865
57866
57868
57872
57873
57874
57876
57880
57888
57889
57890
57892
57896
57904
57920
57921
57922
57924
57928
57936
57952
57984
57985
57986
57988
57992
58000
58016
58048
58112
58113
58114
58116
58120
58128
58144
58176
58240
58368
58369
58370
58371
58372
58373
58374
58376
58377
58378
58380
58384
58385
58386
58388
58392
58400
58401
58402
58404
58408
58416
58432
58433
58434
58436
58440
58448
58464
58496
58497
58498
58500
58504
58512
58528
58560
58624
58625
58626
58628
58632
58640
58656
58688
58752
58880
58881
58882
58884
58888
58896
58912
58944
59008
59136
59392
59393
59394
59395
59396
59397
59398
59400
59401
59402
59404
59408
59409
59410
59412
59416
59424
59425
59426
59428
59432
59440
59456
59457
59458
59460
59464
59472
59488
59520
59521
59522
59524
59528
59536
59552
59584
59648
59649
59650
59652
59656
59664
59680
59712
59776
59904
59905
59906
59908
59912
59920
59936
59968
60032
60160
60416
60417
60418
60420
60424
60432
60448
60480
60544
60672
60928
61440
61441
61442
61443
61444
61445
61446
61448
61449
61450
61452
61456
61457
61458
61460
61464
61472
61473
61474
61476
61480
61488
61504
61505
61506
61508
61512
61520
61536
61568
61569
61570
61572
61576
61584
61600
61632
61696
61697
61698
61700
61704
61712
61728
61760
61824
61952
61953
61954
61956
61960
61968
61984
62016
62080
62208
62464
62465
62466
62468
62472
62480
62496
62528
62592
62720
62976
63488
63489
63490
63492
63496
63504
63520
63552
63616
63744
64000
64512
