0
1
2
3
4
5
6
7
8
9
10
11
12
13
14
16
17
18
19
20
21
22
24
25
26
28
32
33
34
35
36
37
38
40
41
42
44
48
49
50
52
56
64
65
66
67
68
69
70
72
73
74
76
80
81
82
84
88
96
97
98
100
104
112
128
129
130
131
132
133
134
136
137
138
140
144
145
146
148
152
160
161
162
164
168
176
192
193
194
196
200
208
224
256
257
258
259
260
261
262
264
265
266
268
272
273
274
276
280
288
289
290
292
296
304
320
321
322
324
328
336
352
384
385
386
388
392
400
416
448
512
513
514
515
516
517
518
520
521
522
524
528
529
530
532
536
544
545
546
548
552
560
576
577
578
580
584
592
608
640
641
642
644
648
656
672
704
768
769
770
772
776
784
800
832
896
1024
1025
1026
1027
1028
1029
1030
1032
1033
1034
1036
1040
1041
1042
1044
1048
1056
1057
1058
1060
1064
1072
1088
1089
1090
1092
1096
1104
1120
1152
1153
1154
1156
1160
1168
1184
1216
1280
1281
1282
1284
1288
1296
1312
1344
1408
1536
1537
1538
1540
1544
1552
1568
1600
1664
1792
2048
2049
2050
2051
2052
2053
2054
2056
2057
2058
2060
2064
2065
2066
2068
2072
2080
2081
2082
2084
2088
2096
2112
2113
2114
2116
2120
2128
2144
2176
2177
2178
2180
2184
2192
2208
2240
2304
2305
2306
2308
2312
2320
2336
2368
2432
2560
2561
2562
2564
2568
2576
2592
2624
2688
2816
3072
3073
3074
3076
3080
3088
3104
3136
3200
3328
3584
4096
4097
4098
4099
4100
4101
4102
4104
4105
4106
4108
4112
4113
4114
4116
4120
4128
4129
4130
4132
4136
4144
4160
4161
4162
4164
4168
4176
4192
4224
4225
4226
4228
4232
4240
4256
4288
4352
4353
4354
4356
4360
4368
4384
4416
4480
4608
4609
4610
4612
4616
4624
4640
4672
4736
4864
5120
5121
5122
5124
5128
5136
5152
5184
5248
5376
5632
6144
6145
6146
6148
6152
6160
6176
6208
6272
6400
6656
7168
8192
8193
8194
8195
8196
8197
8198
8200
8201
8202
8204
8208
8209
8210
8212
8216
8224
8225
8226
8228
8232
8240
8256
8257
8258
8260
8264
8272
8288
8320
8321
8322
8324
8328
8336
8352
8384
8448
8449
8450
8452
8456
8464
8480
8512
8576
8704
8705
8706
8708
8712
8720
8736
8768
8832
8960
9216
9217
9218
9220
9224
9232
9248
9280
9344
9472
9728
10240
10241
10242
10244
10248
10256
10272
10304
10368
10496
10752
11264
12288
12289
12290
12292
12296
12304
12320
12352
12416
12544
12800
13312
14336
16384
16385
16386
16387
16388
16389
16390
16392
16393
16394
16396
16400
16401
16402
16404
16408
16416
16417
16418
16420
16424
16432
16448
16449
16450
16452
16456
16464
16480
16512
16513
16514
16516
16520
16528
16544
16576
16640
16641
16642
16644
16648
16656
16672
16704
16768
16896
16897
16898
16900
16904
16912
16928
16960
17024
17152
17408
17409
17410
17412
17416
17424
17440
17472
17536
17664
17920
18432
18433
18434
18436
18440
18448
18464
18496
18560
18688
18944
19456
20480
20481
20482
20484
20488
20496
20512
20544
20608
20736
20992
21504
22528
24576
24577
24578
24580
24584
24592
24608
24640
24704
24832
25088
25600
26624
28672
32768
32769
32770
32771
32772
32773
32774
32776
32777
32778
32780
32784
32785
32786
32788
32792
32800
32801
32802
32804
32808
32816
32832
32833
32834
32836
32840
32848
32864
32896
32897
32898
32900
32904
32912
32928
32960
33024
33025
33026
33028
33032
33040
33056
33088
33152
33280
33281
33282
33284
33288
33296
33312
33344
33408
33536
33792
33793
33794
33796
33800
33808
33824
33856
33920
34048
34304
34816
34817
34818
34820
34824
34832
34848
34880
34944
35072
35328
35840
36864
36865
36866
36868
36872
36880
36896
36928
36992
37120
37376
37888
38912
40960
40961
40962
40964
40968
40976
40992
41024
41088
41216
41472
41984
43008
45056
49152
49153
49154
49156
49160
49168
49184
49216
49280
49408
49664
50176
51200
53248
57344
65536
65537
65538
65539
65540
65541
65542
65544
65545
65546
65548
65552
65553
65554
65556
65560
65568
65569
65570
65572
65576
65584
65600
65601
65602
65604
65608
65616
65632
65664
65665
65666
65668
65672
65680
65696
65728
65792
65793
65794
65796
65800
65808
65824
65856
65920
66048
66049
66050
66052
66056
66064
66080
66112
66176
66304
66560
66561
66562
66564
66568
66576
66592
66624
66688
66816
67072
67584
67585
67586
67588
67592
67600
67616
67648
67712
67840
68096
68608
69632
69633
69634
69636
69640
69648
69664
69696
69760
69888
70144
70656
71680
73728
73729
73730
73732
73736
73744
73760
73792
73856
73984
74240
74752
75776
77824
81920
81921
81922
81924
81928
81936
81952
81984
82048
82176
82432
82944
83968
86016
90112
98304
98305
98306
98308
98312
98320
98336
98368
98432
98560
98816
99328
100352
102400
106496
114688
131072
131073
131074
131075
131076
131077
131078
131080
131081
131082
131084
131088
131089
131090
131092
131096
131104
131105
131106
131108
131112
131120
131136
131137
131138
131140
131144
131152
131168
131200
131201
131202
131204
131208
131216
131232
131264
131328
131329
131330
131332
131336
131344
131360
131392
131456
131584
131585
131586
131588
131592
131600
131616
131648
131712
131840
132096
132097
132098
132100
132104
132112
132128
132160
132224
132352
132608
133120
133121
133122
133124
133128
133136
133152
133184
133248
133376
133632
134144
135168
135169
135170
135172
135176
135184
135200
135232
135296
135424
135680
136192
137216
139264
139265
139266
139268
139272
139280
139296
139328
139392
139520
139776
140288
141312
143360
147456
147457
147458
147460
147464
147472
147488
147520
147584
147712
147968
148480
149504
151552
155648
163840
163841
163842
163844
163848
163856
163872
163904
163968
164096
164352
164864
165888
167936
172032
180224
196608
196609
196610
196612
196616
196624
196640
196672
196736
196864
197120
197632
198656
200704
204800
212992
229376
262144
262145
262146
262147
262148
262149
262150
262152
262153
262154
262156
262160
262161
262162
262164
262168
262176
262177
262178
262180
262184
262192
262208
262209
262210
262212
262216
262224
262240
262272
262273
262274
262276
262280
262288
262304
262336
262400
262401
262402
262404
262408
262416
262432
262464
262528
262656
262657
262658
262660
262664
262672
262688
262720
262784
262912
263168
263169
263170
263172
263176
263184
263200
263232
263296
263424
263680
264192
264193
264194
264196
264200
264208
264224
264256
264320
264448
264704
265216
266240
266241
266242
266244
266248
266256
266272
266304
266368
266496
266752
267264
268288
270336
270337
270338
270340
270344
270352
270368
270400
270464
270592
270848
271360
272384
274432
278528
278529
278530
278532
278536
278544
278560
278592
278656
278784
279040
279552
280576
282624
286720
294912
294913
294914
294916
294920
294928
294944
294976
295040
295168
295424
295936
296960
299008
303104
311296
327680
327681
327682
327684
327688
327696
327712
327744
327808
327936
328192
328704
329728
331776
335872
344064
360448
393216
393217
393218
393220
393224
393232
393248
393280
393344
393472
393728
394240
395264
397312
401408
409600
425984
458752
524288
524289
524290
524291
524292
524293
524294
524296
524297
524298
524300
524304
524305
524306
524308
524312
524320
524321
524322
524324
524328
524336
524352
524353
524354
524356
524360
524368
524384
524416
524417
524418
524420
524424
524432
524448
524480
524544
524545
524546
524548
524552
524560
524576
524608
524672
524800
524801
524802
524804
524808
524816
524832
524864
524928
525056
525312
525313
525314
525316
525320
525328
525344
525376
525440
525568
525824
526336
526337
526338
526340
526344
526352
526368
526400
526464
526592
526848
527360
528384
528385
528386
528388
528392
528400
528416
528448
528512
528640
528896
529408
530432
532480
532481
532482
532484
532488
532496
532512
532544
532608
532736
532992
533504
534528
536576
540672
540673
540674
540676
540680
540688
540704
540736
540800
540928
541184
541696
542720
544768
548864
557056
557057
557058
557060
557064
557072
557088
557120
557184
557312
557568
558080
559104
561152
565248
573440
589824
589825
589826
589828
589832
589840
589856
589888
589952
590080
590336
590848
591872
593920
598016
606208
622592
655360
655361
655362
655364
655368
655376
655392
655424
655488
655616
655872
656384
657408
659456
663552
671744
688128
720896
786432
786433
786434
786436
786440
786448
786464
786496
786560
786688
786944
787456
788480
790528
794624
802816
819200
851968
917504
1048576
1048577
1048578
1048579
1048580
1048581
1048582
1048584
1048585
1048586
1048588
1048592
1048593
1048594
1048596
1048600
1048608
1048609
1048610
1048612
1048616
1048624
1048640
1048641
1048642
1048644
1048648
1048656
1048672
1048704
1048705
1048706
1048708
1048712
1048720
1048736
1048768
1048832
1048833
1048834
1048836
1048840
1048848
1048864
1048896
1048960
1049088
1049089
1049090
1049092
1049096
1049104
1049120
1049152
1049216
1049344
1049600
1049601
1049602
1049604
1049608
1049616
1049632
1049664
1049728
1049856
1050112
1050624
1050625
1050626
1050628
1050632
1050640
1050656
1050688
1050752
1050880
1051136
1051648
1052672
1052673
1052674
1052676
1052680
1052688
1052704
1052736
1052800
1052928
1053184
1053696
1054720
1056768
1056769
1056770
1056772
1056776
1056784
1056800
1056832
1056896
1057024
1057280
1057792
1058816
1060864
1064960
1064961
1064962
1064964
1064968
1064976
1064992
1065024
1065088
1065216
1065472
1065984
1067008
1069056
1073152
1081344
1081345
1081346
1081348
1081352
1081360
1081376
1081408
1081472
1081600
1081856
1082368
1083392
1085440
1089536
1097728
1114112
1114113
1114114
1114116
1114120
1114128
1114144
1114176
1114240
1114368
1114624
1115136
1116160
1118208
1122304
1130496
1146880
1179648
1179649
1179650
1179652
1179656
1179664
1179680
1179712
1179776
1179904
1180160
1180672
1181696
1183744
1187840
1196032
1212416
1245184
1310720
1310721
1310722
1310724
1310728
1310736
1310752
1310784
1310848
1310976
1311232
1311744
1312768
1314816
1318912
1327104
1343488
1376256
1441792
1572864
1572865
1572866
1572868
1572872
1572880
1572896
1572928
1572992
1573120
1573376
1573888
1574912
1576960
1581056
1589248
1605632
1638400
1703936
1835008
2097152
2097153
2097154
2097155
2097156
2097157
2097158
2097160
2097161
2097162
2097164
2097168
2097169
2097170
2097172
2097176
2097184
2097185
2097186
2097188
2097192
2097200
2097216
2097217
2097218
2097220
2097224
2097232
2097248
2097280
2097281
2097282
2097284
2097288
2097296
2097312
2097344
2097408
2097409
2097410
2097412
2097416
2097424
2097440
2097472
2097536
2097664
2097665
2097666
2097668
2097672
2097680
2097696
2097728
2097792
2097920
2098176
2098177
2098178
2098180
2098184
2098192
2098208
2098240
2098304
2098432
2098688
2099200
2099201
2099202
2099204
2099208
2099216
2099232
2099264
2099328
2099456
2099712
2100224
2101248
2101249
2101250
2101252
2101256
2101264
2101280
2101312
2101376
2101504
2101760
2102272
2103296
2105344
2105345
2105346
2105348
2105352
2105360
2105376
2105408
2105472
2105600
2105856
2106368
2107392
2109440
2113536
2113537
2113538
2113540
2113544
2113552
2113568
2113600
2113664
2113792
2114048
2114560
2115584
2117632
2121728
2129920
2129921
2129922
2129924
2129928
2129936
2129952
2129984
2130048
2130176
2130432
2130944
2131968
2134016
2138112
2146304
2162688
2162689
2162690
2162692
2162696
2162704
2162720
2162752
2162816
2162944
2163200
2163712
2164736
2166784
2170880
2179072
2195456
2228224
2228225
2228226
2228228
2228232
2228240
2228256
2228288
2228352
2228480
2228736
2229248
2230272
2232320
2236416
2244608
2260992
2293760
2359296
2359297
2359298
2359300
2359304
2359312
2359328
2359360
2359424
2359552
2359808
2360320
2361344
2363392
2367488
2375680
2392064
2424832
2490368
2621440
2621441
2621442
2621444
2621448
2621456
2621472
2621504
2621568
2621696
2621952
2622464
2623488
2625536
2629632
2637824
2654208
2686976
2752512
2883584
3145728
3145729
3145730
3145732
3145736
3145744
3145760
3145792
3145856
3145984
3146240
3146752
3147776
3149824
3153920
3162112
3178496
3211264
3276800
3407872
3670016
4194304
4194305
4194306
4194307
4194308
4194309
4194310
4194312
4194313
4194314
4194316
4194320
4194321
4194322
4194324
4194328
4194336
4194337
4194338
4194340
4194344
4194352
4194368
4194369
4194370
4194372
4194376
4194384
4194400
4194432
4194433
4194434
4194436
4194440
4194448
4194464
4194496
4194560
4194561
4194562
4194564
4194568
4194576
4194592
4194624
4194688
4194816
4194817
4194818
4194820
4194824
4194832
4194848
4194880
4194944
4195072
4195328
4195329
4195330
4195332
4195336
4195344
4195360
4195392
4195456
4195584
4195840
4196352
4196353
4196354
4196356
4196360
4196368
4196384
4196416
4196480
4196608
4196864
4197376
4198400
4198401
4198402
4198404
4198408
4198416
4198432
4198464
4198528
4198656
4198912
4199424
4200448
4202496
4202497
4202498
4202500
4202504
4202512
4202528
4202560
4202624
4202752
4203008
4203520
4204544
4206592
4210688
4210689
4210690
4210692
4210696
4210704
4210720
4210752
4210816
4210944
4211200
4211712
4212736
4214784
4218880
4227072
4227073
4227074
4227076
4227080
4227088
4227104
4227136
4227200
4227328
4227584
4228096
4229120
4231168
4235264
4243456
4259840
4259841
4259842
4259844
4259848
4259856
4259872
4259904
4259968
4260096
4260352
4260864
4261888
4263936
4268032
4276224
4292608
4325376
4325377
4325378
4325380
4325384
4325392
4325408
4325440
4325504
4325632
4325888
4326400
4327424
4329472
4333568
4341760
4358144
4390912
4456448
4456449
4456450
4456452
4456456
4456464
4456480
4456512
4456576
4456704
4456960
4457472
4458496
4460544
4464640
4472832
4489216
4521984
4587520
4718592
4718593
4718594
4718596
4718600
4718608
4718624
4718656
4718720
4718848
4719104
4719616
4720640
4722688
4726784
4734976
4751360
4784128
4849664
4980736
5242880
5242881
5242882
5242884
5242888
5242896
5242912
5242944
5243008
5243136
5243392
5243904
5244928
5246976
5251072
5259264
5275648
5308416
5373952
5505024
5767168
6291456
6291457
6291458
6291460
6291464
6291472
6291488
6291520
6291584
6291712
6291968
6292480
6293504
6295552
6299648
6307840
6324224
6356992
6422528
6553600
6815744
7340032
8388608
8388609
8388610
8388611
8388612
8388613
8388614
8388616
8388617
8388618
8388620
8388624
8388625
8388626
8388628
8388632
8388640
8388641
8388642
8388644
8388648
8388656
8388672
8388673
8388674
8388676
8388680
8388688
8388704
8388736
8388737
8388738
8388740
8388744
8388752
8388768
8388800
8388864
8388865
8388866
8388868
8388872
8388880
8388896
8388928
8388992
8389120
8389121
8389122
8389124
8389128
8389136
8389152
8389184
8389248
8389376
8389632
8389633
8389634
8389636
8389640
8389648
8389664
8389696
8389760
8389888
8390144
8390656
8390657
8390658
8390660
8390664
8390672
8390688
8390720
8390784
8390912
8391168
8391680
8392704
8392705
8392706
8392708
8392712
8392720
8392736
8392768
8392832
8392960
8393216
8393728
8394752
8396800
8396801
8396802
8396804
8396808
8396816
8396832
8396864
8396928
8397056
8397312
8397824
8398848
8400896
8404992
8404993
8404994
8404996
8405000
8405008
8405024
8405056
8405120
8405248
8405504
8406016
8407040
8409088
8413184
8421376
8421377
8421378
8421380
8421384
8421392
8421408
8421440
8421504
8421632
8421888
8422400
8423424
8425472
8429568
8437760
8454144
8454145
8454146
8454148
8454152
8454160
8454176
8454208
8454272
8454400
8454656
8455168
8456192
8458240
8462336
8470528
8486912
8519680
8519681
8519682
8519684
8519688
8519696
8519712
8519744
8519808
8519936
8520192
8520704
8521728
8523776
8527872
8536064
8552448
8585216
8650752
8650753
8650754
8650756
8650760
8650768
8650784
8650816
8650880
8651008
8651264
8651776
8652800
8654848
8658944
8667136
8683520
8716288
8781824
8912896
8912897
8912898
8912900
8912904
8912912
8912928
8912960
8913024
8913152
8913408
8913920
8914944
8916992
8921088
8929280
8945664
8978432
9043968
9175040
9437184
9437185
9437186
9437188
9437192
9437200
9437216
9437248
9437312
9437440
9437696
9438208
9439232
9441280
9445376
9453568
9469952
9502720
9568256
9699328
9961472
10485760
10485761
10485762
10485764
10485768
10485776
10485792
10485824
10485888
10486016
10486272
10486784
10487808
10489856
10493952
10502144
10518528
10551296
10616832
10747904
11010048
11534336
12582912
12582913
12582914
12582916
12582920
12582928
12582944
12582976
12583040
12583168
12583424
12583936
12584960
12587008
12591104
12599296
12615680
12648448
12713984
12845056
13107200
13631488
14680064
16777216
16777217
16777218
16777219
16777220
16777221
16777222
16777224
16777225
16777226
16777228
16777232
16777233
16777234
16777236
16777240
16777248
16777249
16777250
16777252
16777256
16777264
16777280
16777281
16777282
16777284
16777288
16777296
16777312
16777344
16777345
16777346
16777348
16777352
16777360
16777376
16777408
16777472
16777473
16777474
16777476
16777480
16777488
16777504
16777536
16777600
16777728
16777729
16777730
16777732
16777736
16777744
16777760
16777792
16777856
16777984
16778240
16778241
16778242
16778244
16778248
16778256
16778272
16778304
16778368
16778496
16778752
16779264
16779265
16779266
16779268
16779272
16779280
16779296
16779328
16779392
16779520
16779776
16780288
16781312
16781313
16781314
16781316
16781320
16781328
16781344
16781376
16781440
16781568
16781824
16782336
16783360
16785408
16785409
16785410
16785412
16785416
16785424
16785440
16785472
16785536
16785664
16785920
16786432
16787456
16789504
16793600
16793601
16793602
16793604
16793608
16793616
16793632
16793664
16793728
16793856
16794112
16794624
16795648
16797696
16801792
16809984
16809985
16809986
16809988
16809992
16810000
16810016
16810048
16810112
16810240
16810496
16811008
16812032
16814080
16818176
16826368
16842752
16842753
16842754
16842756
16842760
16842768
16842784
16842816
16842880
16843008
16843264
16843776
16844800
16846848
16850944
16859136
16875520
16908288
16908289
16908290
16908292
16908296
16908304
16908320
16908352
16908416
16908544
16908800
16909312
16910336
16912384
16916480
16924672
16941056
16973824
17039360
17039361
17039362
17039364
17039368
17039376
17039392
17039424
17039488
17039616
17039872
17040384
17041408
17043456
17047552
17055744
17072128
17104896
17170432
17301504
17301505
17301506
17301508
17301512
17301520
17301536
17301568
17301632
17301760
17302016
17302528
17303552
17305600
17309696
17317888
17334272
17367040
17432576
17563648
17825792
17825793
17825794
17825796
17825800
17825808
17825824
17825856
17825920
17826048
17826304
17826816
17827840
17829888
17833984
17842176
17858560
17891328
17956864
18087936
18350080
18874368
18874369
18874370
18874372
18874376
18874384
18874400
18874432
18874496
18874624
18874880
18875392
18876416
18878464
18882560
18890752
18907136
18939904
19005440
19136512
19398656
19922944
20971520
20971521
20971522
20971524
20971528
20971536
20971552
20971584
20971648
20971776
20972032
20972544
20973568
20975616
20979712
20987904
21004288
21037056
21102592
21233664
21495808
22020096
23068672
25165824
25165825
25165826
25165828
25165832
25165840
25165856
25165888
25165952
25166080
25166336
25166848
25167872
25169920
25174016
25182208
25198592
25231360
25296896
25427968
25690112
26214400
27262976
29360128
33554432
33554433
33554434
33554435
33554436
33554437
33554438
33554440
33554441
33554442
33554444
33554448
33554449
33554450
33554452
33554456
33554464
33554465
33554466
33554468
33554472
33554480
33554496
33554497
33554498
33554500
33554504
33554512
33554528
33554560
33554561
33554562
33554564
33554568
33554576
33554592
33554624
33554688
33554689
33554690
33554692
33554696
33554704
33554720
33554752
33554816
33554944
33554945
33554946
33554948
33554952
33554960
33554976
33555008
33555072
33555200
33555456
33555457
33555458
33555460
33555464
33555472
33555488
33555520
33555584
33555712
33555968
33556480
33556481
33556482
33556484
33556488
33556496
33556512
33556544
33556608
33556736
33556992
33557504
33558528
33558529
33558530
33558532
33558536
33558544
33558560
33558592
33558656
33558784
33559040
33559552
33560576
33562624
33562625
33562626
33562628
33562632
33562640
33562656
33562688
33562752
33562880
33563136
33563648
33564672
33566720
33570816
33570817
33570818
33570820
33570824
33570832
33570848
33570880
33570944
33571072
33571328
33571840
33572864
33574912
33579008
33587200
33587201
33587202
33587204
33587208
33587216
33587232
33587264
33587328
33587456
33587712
33588224
33589248
33591296
33595392
33603584
33619968
33619969
33619970
33619972
33619976
33619984
33620000
33620032
33620096
33620224
33620480
33620992
33622016
33624064
33628160
33636352
33652736
33685504
33685505
33685506
33685508
33685512
33685520
33685536
33685568
33685632
33685760
33686016
33686528
33687552
33689600
33693696
33701888
33718272
33751040
33816576
33816577
33816578
33816580
33816584
33816592
33816608
33816640
33816704
33816832
33817088
33817600
33818624
33820672
33824768
33832960
33849344
33882112
33947648
34078720
34078721
34078722
34078724
34078728
34078736
34078752
34078784
34078848
34078976
34079232
34079744
34080768
34082816
34086912
34095104
34111488
34144256
34209792
34340864
34603008
34603009
34603010
34603012
34603016
34603024
34603040
34603072
34603136
34603264
34603520
34604032
34605056
34607104
34611200
34619392
34635776
34668544
34734080
34865152
35127296
35651584
35651585
35651586
35651588
35651592
35651600
35651616
35651648
35651712
35651840
35652096
35652608
35653632
35655680
35659776
35667968
35684352
35717120
35782656
35913728
36175872
36700160
37748736
37748737
37748738
37748740
37748744
37748752
37748768
37748800
37748864
37748992
37749248
37749760
37750784
37752832
37756928
37765120
37781504
37814272
37879808
38010880
38273024
38797312
39845888
41943040
41943041
41943042
41943044
41943048
41943056
41943072
41943104
41943168
41943296
41943552
41944064
41945088
41947136
41951232
41959424
41975808
42008576
42074112
42205184
42467328
42991616
44040192
46137344
50331648
50331649
50331650
50331652
50331656
50331664
50331680
50331712
50331776
50331904
50332160
50332672
50333696
50335744
50339840
50348032
50364416
50397184
50462720
50593792
50855936
51380224
52428800
54525952
58720256
67108864
67108865
67108866
67108867
67108868
67108869
67108870
67108872
67108873
67108874
67108876
67108880
67108881
67108882
67108884
67108888
67108896
67108897
67108898
67108900
67108904
67108912
67108928
67108929
67108930
67108932
67108936
67108944
67108960
67108992
67108993
67108994
67108996
67109000
67109008
67109024
67109056
67109120
67109121
67109122
67109124
67109128
67109136
67109152
67109184
67109248
67109376
67109377
67109378
67109380
67109384
67109392
67109408
67109440
67109504
67109632
67109888
67109889
67109890
67109892
67109896
67109904
67109920
67109952
67110016
67110144
67110400
67110912
67110913
67110914
67110916
67110920
67110928
67110944
67110976
67111040
67111168
67111424
67111936
67112960
67112961
67112962
67112964
67112968
67112976
67112992
67113024
67113088
67113216
67113472
67113984
67115008
67117056
67117057
67117058
67117060
67117064
67117072
67117088
67117120
67117184
67117312
67117568
67118080
67119104
67121152
67125248
67125249
67125250
67125252
67125256
67125264
67125280
67125312
67125376
67125504
67125760
67126272
67127296
67129344
67133440
67141632
67141633
67141634
67141636
67141640
67141648
67141664
67141696
67141760
67141888
67142144
67142656
67143680
67145728
67149824
67158016
67174400
67174401
67174402
67174404
67174408
67174416
67174432
67174464
67174528
67174656
67174912
67175424
67176448
67178496
67182592
67190784
67207168
67239936
67239937
67239938
67239940
67239944
67239952
67239968
67240000
67240064
67240192
67240448
67240960
67241984
67244032
67248128
67256320
67272704
67305472
67371008
67371009
67371010
67371012
67371016
67371024
67371040
67371072
67371136
67371264
67371520
67372032
67373056
67375104
67379200
67387392
67403776
67436544
67502080
67633152
67633153
67633154
67633156
67633160
67633168
67633184
67633216
67633280
67633408
67633664
67634176
67635200
67637248
67641344
67649536
67665920
67698688
67764224
67895296
68157440
68157441
68157442
68157444
68157448
68157456
68157472
68157504
68157568
68157696
68157952
68158464
68159488
68161536
68165632
68173824
68190208
68222976
68288512
68419584
68681728
69206016
69206017
69206018
69206020
69206024
69206032
69206048
69206080
69206144
69206272
69206528
69207040
69208064
69210112
69214208
69222400
69238784
69271552
69337088
69468160
69730304
70254592
71303168
71303169
71303170
71303172
71303176
71303184
71303200
71303232
71303296
71303424
71303680
71304192
71305216
71307264
71311360
71319552
71335936
71368704
71434240
71565312
71827456
72351744
73400320
75497472
75497473
75497474
75497476
75497480
75497488
75497504
75497536
75497600
75497728
75497984
75498496
75499520
75501568
75505664
75513856
75530240
75563008
75628544
75759616
76021760
76546048
77594624
79691776
83886080
83886081
83886082
83886084
83886088
83886096
83886112
83886144
83886208
83886336
83886592
83887104
83888128
83890176
83894272
83902464
83918848
83951616
84017152
84148224
84410368
84934656
85983232
88080384
92274688
100663296
100663297
100663298
100663300
100663304
100663312
100663328
100663360
100663424
100663552
100663808
100664320
100665344
100667392
100671488
100679680
100696064
100728832
100794368
100925440
101187584
101711872
102760448
104857600
109051904
117440512
134217728
134217729
134217730
134217731
134217732
134217733
134217734
134217736
134217737
134217738
134217740
134217744
134217745
134217746
134217748
134217752
134217760
134217761
134217762
134217764
134217768
134217776
134217792
134217793
134217794
134217796
134217800
134217808
134217824
134217856
134217857
134217858
134217860
134217864
134217872
134217888
134217920
134217984
134217985
134217986
134217988
134217992
134218000
134218016
134218048
134218112
134218240
134218241
134218242
134218244
134218248
134218256
134218272
134218304
134218368
134218496
134218752
134218753
134218754
134218756
134218760
134218768
134218784
134218816
134218880
134219008
134219264
134219776
134219777
134219778
134219780
134219784
134219792
134219808
134219840
134219904
134220032
134220288
134220800
134221824
134221825
134221826
134221828
134221832
134221840
134221856
134221888
134221952
134222080
134222336
134222848
134223872
134225920
134225921
134225922
134225924
134225928
134225936
134225952
134225984
134226048
134226176
134226432
134226944
134227968
134230016
134234112
134234113
134234114
134234116
134234120
134234128
134234144
134234176
134234240
134234368
134234624
134235136
134236160
134238208
134242304
134250496
134250497
134250498
134250500
134250504
134250512
134250528
134250560
134250624
134250752
134251008
134251520
134252544
134254592
134258688
134266880
134283264
134283265
134283266
134283268
134283272
134283280
134283296
134283328
134283392
134283520
134283776
134284288
134285312
134287360
134291456
134299648
134316032
134348800
134348801
134348802
134348804
134348808
134348816
134348832
134348864
134348928
134349056
134349312
134349824
134350848
134352896
134356992
134365184
134381568
134414336
134479872
134479873
134479874
134479876
134479880
134479888
134479904
134479936
134480000
134480128
134480384
134480896
134481920
134483968
134488064
134496256
134512640
134545408
134610944
134742016
134742017
134742018
134742020
134742024
134742032
134742048
134742080
134742144
134742272
134742528
134743040
134744064
134746112
134750208
134758400
134774784
134807552
134873088
135004160
135266304
135266305
135266306
135266308
135266312
135266320
135266336
135266368
135266432
135266560
135266816
135267328
135268352
135270400
135274496
135282688
135299072
135331840
135397376
135528448
135790592
136314880
136314881
136314882
136314884
136314888
136314896
136314912
136314944
136315008
136315136
136315392
136315904
136316928
136318976
136323072
136331264
136347648
136380416
136445952
136577024
136839168
137363456
138412032
138412033
138412034
138412036
138412040
138412048
138412064
138412096
138412160
138412288
138412544
138413056
138414080
138416128
138420224
138428416
138444800
138477568
138543104
138674176
138936320
139460608
140509184
142606336
142606337
142606338
142606340
142606344
142606352
142606368
142606400
142606464
142606592
142606848
142607360
142608384
142610432
142614528
142622720
142639104
142671872
142737408
142868480
143130624
143654912
144703488
146800640
150994944
150994945
150994946
150994948
150994952
150994960
150994976
150995008
150995072
150995200
150995456
150995968
150996992
150999040
151003136
151011328
151027712
151060480
151126016
151257088
151519232
152043520
153092096
155189248
159383552
167772160
167772161
167772162
167772164
167772168
167772176
167772192
167772224
167772288
167772416
167772672
167773184
167774208
167776256
167780352
167788544
167804928
167837696
167903232
168034304
168296448
168820736
169869312
171966464
176160768
184549376
201326592
201326593
201326594
201326596
201326600
201326608
201326624
201326656
201326720
201326848
201327104
201327616
201328640
201330688
201334784
201342976
201359360
201392128
201457664
201588736
201850880
202375168
203423744
205520896
209715200
218103808
234881024
268435456
268435457
268435458
268435459
268435460
268435461
268435462
268435464
268435465
268435466
268435468
268435472
268435473
268435474
268435476
268435480
268435488
268435489
268435490
268435492
268435496
268435504
268435520
268435521
268435522
268435524
268435528
268435536
268435552
268435584
268435585
268435586
268435588
268435592
268435600
268435616
268435648
268435712
268435713
268435714
268435716
268435720
268435728
268435744
268435776
268435840
268435968
268435969
268435970
268435972
268435976
268435984
268436000
268436032
268436096
268436224
268436480
268436481
268436482
268436484
268436488
268436496
268436512
268436544
268436608
268436736
268436992
268437504
268437505
268437506
268437508
268437512
268437520
268437536
268437568
268437632
268437760
268438016
268438528
268439552
268439553
268439554
268439556
268439560
268439568
268439584
268439616
268439680
268439808
268440064
268440576
268441600
268443648
268443649
268443650
268443652
268443656
268443664
268443680
268443712
268443776
268443904
268444160
268444672
268445696
268447744
268451840
268451841
268451842
268451844
268451848
268451856
268451872
268451904
268451968
268452096
268452352
268452864
268453888
268455936
268460032
268468224
268468225
268468226
268468228
268468232
268468240
268468256
268468288
268468352
268468480
268468736
268469248
268470272
268472320
268476416
268484608
268500992
268500993
268500994
268500996
268501000
268501008
268501024
268501056
268501120
268501248
268501504
268502016
268503040
268505088
268509184
268517376
268533760
268566528
268566529
268566530
268566532
268566536
268566544
268566560
268566592
268566656
268566784
268567040
268567552
268568576
268570624
268574720
268582912
268599296
268632064
268697600
268697601
268697602
268697604
268697608
268697616
268697632
268697664
268697728
268697856
268698112
268698624
268699648
268701696
268705792
268713984
268730368
268763136
268828672
268959744
268959745
268959746
268959748
268959752
268959760
268959776
268959808
268959872
268960000
268960256
268960768
268961792
268963840
268967936
268976128
268992512
269025280
269090816
269221888
269484032
269484033
269484034
269484036
269484040
269484048
269484064
269484096
269484160
269484288
269484544
269485056
269486080
269488128
269492224
269500416
269516800
269549568
269615104
269746176
270008320
270532608
270532609
270532610
270532612
270532616
270532624
270532640
270532672
270532736
270532864
270533120
270533632
270534656
270536704
270540800
270548992
270565376
270598144
270663680
270794752
271056896
271581184
272629760
272629761
272629762
272629764
272629768
272629776
272629792
272629824
272629888
272630016
272630272
272630784
272631808
272633856
272637952
272646144
272662528
272695296
272760832
272891904
273154048
273678336
274726912
276824064
276824065
276824066
276824068
276824072
276824080
276824096
276824128
276824192
276824320
276824576
276825088
276826112
276828160
276832256
276840448
276856832
276889600
276955136
277086208
277348352
277872640
278921216
281018368
285212672
285212673
285212674
285212676
285212680
285212688
285212704
285212736
285212800
285212928
285213184
285213696
285214720
285216768
285220864
285229056
285245440
285278208
285343744
285474816
285736960
286261248
287309824
289406976
293601280
301989888
301989889
301989890
301989892
301989896
301989904
301989920
301989952
301990016
301990144
301990400
301990912
301991936
301993984
301998080
302006272
302022656
302055424
302120960
302252032
302514176
303038464
304087040
306184192
310378496
318767104
335544320
335544321
335544322
335544324
335544328
335544336
335544352
335544384
335544448
335544576
335544832
335545344
335546368
335548416
335552512
335560704
335577088
335609856
335675392
335806464
336068608
336592896
337641472
339738624
343932928
352321536
369098752
402653184
402653185
402653186
402653188
402653192
402653200
402653216
402653248
402653312
402653440
402653696
402654208
402655232
402657280
402661376
402669568
402685952
402718720
402784256
402915328
403177472
403701760
404750336
406847488
411041792
419430400
436207616
469762048
536870912
536870913
536870914
536870915
536870916
536870917
536870918
536870920
536870921
536870922
536870924
536870928
536870929
536870930
536870932
536870936
536870944
536870945
536870946
536870948
536870952
536870960
536870976
536870977
536870978
536870980
536870984
536870992
536871008
536871040
536871041
536871042
536871044
536871048
536871056
536871072
536871104
536871168
536871169
536871170
536871172
536871176
536871184
536871200
536871232
536871296
536871424
536871425
536871426
536871428
536871432
536871440
536871456
536871488
536871552
536871680
536871936
536871937
536871938
536871940
536871944
536871952
536871968
536872000
536872064
536872192
536872448
536872960
536872961
536872962
536872964
536872968
536872976
536872992
536873024
536873088
536873216
536873472
536873984
536875008
536875009
536875010
536875012
536875016
536875024
536875040
536875072
536875136
536875264
536875520
536876032
536877056
536879104
536879105
536879106
536879108
536879112
536879120
536879136
536879168
536879232
536879360
536879616
536880128
536881152
536883200
536887296
536887297
536887298
536887300
536887304
536887312
536887328
536887360
536887424
536887552
536887808
536888320
536889344
536891392
536895488
536903680
536903681
536903682
536903684
536903688
536903696
536903712
536903744
536903808
536903936
536904192
536904704
536905728
536907776
536911872
536920064
536936448
536936449
536936450
536936452
536936456
536936464
536936480
536936512
536936576
536936704
536936960
536937472
536938496
536940544
536944640
536952832
536969216
537001984
537001985
537001986
537001988
537001992
537002000
537002016
537002048
537002112
537002240
537002496
537003008
537004032
537006080
537010176
537018368
537034752
537067520
537133056
537133057
537133058
537133060
537133064
537133072
537133088
537133120
537133184
537133312
537133568
537134080
537135104
537137152
537141248
537149440
537165824
537198592
537264128
537395200
537395201
537395202
537395204
537395208
537395216
537395232
537395264
537395328
537395456
537395712
537396224
537397248
537399296
537403392
537411584
537427968
537460736
537526272
537657344
537919488
537919489
537919490
537919492
537919496
537919504
537919520
537919552
537919616
537919744
537920000
537920512
537921536
537923584
537927680
537935872
537952256
537985024
538050560
538181632
538443776
538968064
538968065
538968066
538968068
538968072
538968080
538968096
538968128
538968192
538968320
538968576
538969088
538970112
538972160
538976256
538984448
539000832
539033600
539099136
539230208
539492352
540016640
541065216
541065217
541065218
541065220
541065224
541065232
541065248
541065280
541065344
541065472
541065728
541066240
541067264
541069312
541073408
541081600
541097984
541130752
541196288
541327360
541589504
542113792
543162368
545259520
545259521
545259522
545259524
545259528
545259536
545259552
545259584
545259648
545259776
545260032
545260544
545261568
545263616
545267712
545275904
545292288
545325056
545390592
545521664
545783808
546308096
547356672
549453824
553648128
553648129
553648130
553648132
553648136
553648144
553648160
553648192
553648256
553648384
553648640
553649152
553650176
553652224
553656320
553664512
553680896
553713664
553779200
553910272
554172416
554696704
555745280
557842432
562036736
570425344
570425345
570425346
570425348
570425352
570425360
570425376
570425408
570425472
570425600
570425856
570426368
570427392
570429440
570433536
570441728
570458112
570490880
570556416
570687488
570949632
571473920
572522496
574619648
578813952
587202560
603979776
603979777
603979778
603979780
603979784
603979792
603979808
603979840
603979904
603980032
603980288
603980800
603981824
603983872
603987968
603996160
604012544
604045312
604110848
604241920
604504064
605028352
606076928
608174080
612368384
620756992
637534208
671088640
671088641
671088642
671088644
671088648
671088656
671088672
671088704
671088768
671088896
671089152
671089664
671090688
671092736
671096832
671105024
671121408
671154176
671219712
671350784
671612928
672137216
673185792
675282944
679477248
687865856
704643072
738197504
805306368
805306369
805306370
805306372
805306376
805306384
805306400
805306432
805306496
805306624
805306880
805307392
805308416
805310464
805314560
805322752
805339136
805371904
805437440
805568512
805830656
806354944
807403520
809500672
813694976
822083584
838860800
872415232
939524096
1073741824
1073741825
1073741826
1073741827
1073741828
1073741829
1073741830
1073741832
1073741833
1073741834
1073741836
1073741840
1073741841
1073741842
1073741844
1073741848
1073741856
1073741857
1073741858
1073741860
1073741864
1073741872
1073741888
1073741889
1073741890
1073741892
1073741896
1073741904
1073741920
1073741952
1073741953
1073741954
1073741956
1073741960
1073741968
1073741984
1073742016
1073742080
1073742081
1073742082
1073742084
1073742088
1073742096
1073742112
1073742144
1073742208
1073742336
1073742337
1073742338
1073742340
1073742344
1073742352
1073742368
1073742400
1073742464
1073742592
1073742848
1073742849
1073742850
1073742852
1073742856
1073742864
1073742880
1073742912
1073742976
1073743104
1073743360
1073743872
1073743873
1073743874
1073743876
1073743880
1073743888
1073743904
1073743936
1073744000
1073744128
1073744384
1073744896
1073745920
1073745921
1073745922
1073745924
1073745928
1073745936
1073745952
1073745984
1073746048
1073746176
1073746432
1073746944
1073747968
1073750016
1073750017
1073750018
1073750020
1073750024
1073750032
1073750048
1073750080
1073750144
1073750272
1073750528
1073751040
1073752064
1073754112
1073758208
1073758209
1073758210
1073758212
1073758216
1073758224
1073758240
1073758272
1073758336
1073758464
1073758720
1073759232
1073760256
1073762304
1073766400
1073774592
1073774593
1073774594
1073774596
1073774600
1073774608
1073774624
1073774656
1073774720
1073774848
1073775104
1073775616
1073776640
1073778688
1073782784
1073790976
1073807360
1073807361
1073807362
1073807364
1073807368
1073807376
1073807392
1073807424
1073807488
1073807616
1073807872
1073808384
1073809408
1073811456
1073815552
1073823744
1073840128
1073872896
1073872897
1073872898
1073872900
1073872904
1073872912
1073872928
1073872960
1073873024
1073873152
1073873408
1073873920
1073874944
1073876992
1073881088
1073889280
1073905664
1073938432
1074003968
1074003969
1074003970
1074003972
1074003976
1074003984
1074004000
1074004032
1074004096
1074004224
1074004480
1074004992
1074006016
1074008064
1074012160
1074020352
1074036736
1074069504
1074135040
1074266112
1074266113
1074266114
1074266116
1074266120
1074266128
1074266144
1074266176
1074266240
1074266368
1074266624
1074267136
1074268160
1074270208
1074274304
1074282496
1074298880
1074331648
1074397184
1074528256
1074790400
1074790401
1074790402
1074790404
1074790408
1074790416
1074790432
1074790464
1074790528
1074790656
1074790912
1074791424
1074792448
1074794496
1074798592
1074806784
1074823168
1074855936
1074921472
1075052544
1075314688
1075838976
1075838977
1075838978
1075838980
1075838984
1075838992
1075839008
1075839040
1075839104
1075839232
1075839488
1075840000
1075841024
1075843072
1075847168
1075855360
1075871744
1075904512
1075970048
1076101120
1076363264
1076887552
1077936128
1077936129
1077936130
1077936132
1077936136
1077936144
1077936160
1077936192
1077936256
1077936384
1077936640
1077937152
1077938176
1077940224
1077944320
1077952512
1077968896
1078001664
1078067200
1078198272
1078460416
1078984704
1080033280
1082130432
1082130433
1082130434
1082130436
1082130440
1082130448
1082130464
1082130496
1082130560
1082130688
1082130944
1082131456
1082132480
1082134528
1082138624
1082146816
1082163200
1082195968
1082261504
1082392576
1082654720
1083179008
1084227584
1086324736
1090519040
1090519041
1090519042
1090519044
1090519048
1090519056
1090519072
1090519104
1090519168
1090519296
1090519552
1090520064
1090521088
1090523136
1090527232
1090535424
1090551808
1090584576
1090650112
1090781184
1091043328
1091567616
1092616192
1094713344
1098907648
1107296256
1107296257
1107296258
1107296260
1107296264
1107296272
1107296288
1107296320
1107296384
1107296512
1107296768
1107297280
1107298304
1107300352
1107304448
1107312640
1107329024
1107361792
1107427328
1107558400
1107820544
1108344832
1109393408
1111490560
1115684864
1124073472
1140850688
1140850689
1140850690
1140850692
1140850696
1140850704
1140850720
1140850752
1140850816
1140850944
1140851200
1140851712
1140852736
1140854784
1140858880
1140867072
1140883456
1140916224
1140981760
1141112832
1141374976
1141899264
1142947840
1145044992
1149239296
1157627904
1174405120
1207959552
1207959553
1207959554
1207959556
1207959560
1207959568
1207959584
1207959616
1207959680
1207959808
1207960064
1207960576
1207961600
1207963648
1207967744
1207975936
1207992320
1208025088
1208090624
1208221696
1208483840
1209008128
1210056704
1212153856
1216348160
1224736768
1241513984
1275068416
1342177280
1342177281
1342177282
1342177284
1342177288
1342177296
1342177312
1342177344
1342177408
1342177536
1342177792
1342178304
1342179328
1342181376
1342185472
1342193664
1342210048
1342242816
1342308352
1342439424
1342701568
1343225856
1344274432
1346371584
1350565888
1358954496
1375731712
1409286144
1476395008
1610612736
1610612737
1610612738
1610612740
1610612744
1610612752
1610612768
1610612800
1610612864
1610612992
1610613248
1610613760
1610614784
1610616832
1610620928
1610629120
1610645504
1610678272
1610743808
1610874880
1611137024
1611661312
1612709888
1614807040
1619001344
1627389952
1644167168
1677721600
1744830464
1879048192
2147483648
2147483649
2147483650
2147483651
2147483652
2147483653
2147483654
2147483656
2147483657
2147483658
2147483660
2147483664
2147483665
2147483666
2147483668
2147483672
2147483680
2147483681
2147483682
2147483684
2147483688
2147483696
2147483712
2147483713
2147483714
2147483716
2147483720
2147483728
2147483744
2147483776
2147483777
2147483778
2147483780
2147483784
2147483792
2147483808
2147483840
2147483904
2147483905
2147483906
2147483908
2147483912
2147483920
2147483936
2147483968
2147484032
2147484160
2147484161
2147484162
2147484164
2147484168
2147484176
2147484192
2147484224
2147484288
2147484416
2147484672
2147484673
2147484674
2147484676
2147484680
2147484688
2147484704
2147484736
2147484800
2147484928
2147485184
2147485696
2147485697
2147485698
2147485700
2147485704
2147485712
2147485728
2147485760
2147485824
2147485952
2147486208
2147486720
2147487744
2147487745
2147487746
2147487748
2147487752
2147487760
2147487776
2147487808
2147487872
2147488000
2147488256
2147488768
2147489792
2147491840
2147491841
2147491842
2147491844
2147491848
2147491856
2147491872
2147491904
2147491968
2147492096
2147492352
2147492864
2147493888
2147495936
2147500032
2147500033
2147500034
2147500036
2147500040
2147500048
2147500064
2147500096
2147500160
2147500288
2147500544
2147501056
2147502080
2147504128
2147508224
2147516416
2147516417
2147516418
2147516420
2147516424
2147516432
2147516448
2147516480
2147516544
2147516672
2147516928
2147517440
2147518464
2147520512
2147524608
2147532800
2147549184
2147549185
2147549186
2147549188
2147549192
2147549200
2147549216
2147549248
2147549312
2147549440
2147549696
2147550208
2147551232
2147553280
2147557376
2147565568
2147581952
2147614720
2147614721
2147614722
2147614724
2147614728
2147614736
2147614752
2147614784
2147614848
2147614976
2147615232
2147615744
2147616768
2147618816
2147622912
2147631104
2147647488
2147680256
2147745792
2147745793
2147745794
2147745796
2147745800
2147745808
2147745824
2147745856
2147745920
2147746048
2147746304
2147746816
2147747840
2147749888
2147753984
2147762176
2147778560
2147811328
2147876864
2148007936
2148007937
2148007938
2148007940
2148007944
2148007952
2148007968
2148008000
2148008064
2148008192
2148008448
2148008960
2148009984
2148012032
2148016128
2148024320
2148040704
2148073472
2148139008
2148270080
2148532224
2148532225
2148532226
2148532228
2148532232
2148532240
2148532256
2148532288
2148532352
2148532480
2148532736
2148533248
2148534272
2148536320
2148540416
2148548608
2148564992
2148597760
2148663296
2148794368
2149056512
2149580800
2149580801
2149580802
2149580804
2149580808
2149580816
2149580832
2149580864
2149580928
2149581056
2149581312
2149581824
2149582848
2149584896
2149588992
2149597184
2149613568
2149646336
2149711872
2149842944
2150105088
2150629376
2151677952
2151677953
2151677954
2151677956
2151677960
2151677968
2151677984
2151678016
2151678080
2151678208
2151678464
2151678976
2151680000
2151682048
2151686144
2151694336
2151710720
2151743488
2151809024
2151940096
2152202240
2152726528
2153775104
2155872256
2155872257
2155872258
2155872260
2155872264
2155872272
2155872288
2155872320
2155872384
2155872512
2155872768
2155873280
2155874304
2155876352
2155880448
2155888640
2155905024
2155937792
2156003328
2156134400
2156396544
2156920832
2157969408
2160066560
2164260864
2164260865
2164260866
2164260868
2164260872
2164260880
2164260896
2164260928
2164260992
2164261120
2164261376
2164261888
2164262912
2164264960
2164269056
2164277248
2164293632
2164326400
2164391936
2164523008
2164785152
2165309440
2166358016
2168455168
2172649472
2181038080
2181038081
2181038082
2181038084
2181038088
2181038096
2181038112
2181038144
2181038208
2181038336
2181038592
2181039104
2181040128
2181042176
2181046272
2181054464
2181070848
2181103616
2181169152
2181300224
2181562368
2182086656
2183135232
2185232384
2189426688
2197815296
2214592512
2214592513
2214592514
2214592516
2214592520
2214592528
2214592544
2214592576
2214592640
2214592768
2214593024
2214593536
2214594560
2214596608
2214600704
2214608896
2214625280
2214658048
2214723584
2214854656
2215116800
2215641088
2216689664
2218786816
2222981120
2231369728
2248146944
2281701376
2281701377
2281701378
2281701380
2281701384
2281701392
2281701408
2281701440
2281701504
2281701632
2281701888
2281702400
2281703424
2281705472
2281709568
2281717760
2281734144
2281766912
2281832448
2281963520
2282225664
2282749952
2283798528
2285895680
2290089984
2298478592
2315255808
2348810240
2415919104
2415919105
2415919106
2415919108
2415919112
2415919120
2415919136
2415919168
2415919232
2415919360
2415919616
2415920128
2415921152
2415923200
2415927296
2415935488
2415951872
2415984640
2416050176
2416181248
2416443392
2416967680
2418016256
2420113408
2424307712
2432696320
2449473536
2483027968
2550136832
2684354560
2684354561
2684354562
2684354564
2684354568
2684354576
2684354592
2684354624
2684354688
2684354816
2684355072
2684355584
2684356608
2684358656
2684362752
2684370944
2684387328
2684420096
2684485632
2684616704
2684878848
2685403136
2686451712
2688548864
2692743168
2701131776
2717908992
2751463424
2818572288
2952790016
3221225472
3221225473
3221225474
3221225476
3221225480
3221225488
3221225504
3221225536
3221225600
3221225728
3221225984
3221226496
3221227520
3221229568
3221233664
3221241856
3221258240
3221291008
3221356544
3221487616
3221749760
3222274048
3223322624
3225419776
3229614080
3238002688
3254779904
3288334336
3355443200
3489660928
3758096384
