0
1
2
3
4
5
6
7
8
9
10
11
12
13
14
15
16
17
18
19
20
21
22
23
24
25
26
27
28
29
30
31
32
33
34
35
36
37
38
39
40
41
42
43
44
45
46
47
48
49
50
51
52
53
54
55
56
57
58
59
60
61
62
64
65
66
67
68
69
70
71
72
73
74
75
76
77
78
79
80
81
82
83
84
85
86
87
88
89
90
91
92
93
94
96
97
98
99
100
101
102
103
104
105
106
107
108
109
110
112
113
114
115
116
117
118
120
121
122
124
128
129
130
131
132
133
134
135
136
137
138
139
140
141
142
143
144
145
146
147
148
149
150
151
152
153
154
155
156
157
158
160
161
162
163
164
165
166
167
168
169
170
171
172
173
174
176
177
178
179
180
181
182
184
185
186
188
192
193
194
195
196
197
198
199
200
201
202
203
204
205
206
208
209
210
211
212
213
214
216
217
218
220
224
225
226
227
228
229
230
232
233
234
236
240
241
242
244
248
256
257
258
259
260
261
262
263
264
265
266
267
268
269
270
271
272
273
274
275
276
277
278
279
280
281
282
283
284
285
286
288
289
290
291
292
293
294
295
296
297
298
299
300
301
302
304
305
306
307
308
309
310
312
313
314
316
320
321
322
323
324
325
326
327
328
329
330
331
332
333
334
336
337
338
339
340
341
342
344
345
346
348
352
353
354
355
356
357
358
360
361
362
364
368
369
370
372
376
384
385
386
387
388
389
390
391
392
393
394
395
396
397
398
400
401
402
403
404
405
406
408
409
410
412
416
417
418
419
420
421
422
424
425
426
428
432
433
434
436
440
448
449
450
451
452
453
454
456
457
458
460
464
465
466
468
472
480
481
482
484
488
496
512
513
514
515
516
517
518
519
520
521
522
523
524
525
526
527
528
529
530
531
532
533
534
535
536
537
538
539
540
541
542
544
545
546
547
548
549
550
551
552
553
554
555
556
557
558
560
561
562
563
564
565
566
568
569
570
572
576
577
578
579
580
581
582
583
584
585
586
587
588
589
590
592
593
594
595
596
597
598
600
601
602
604
608
609
610
611
612
613
614
616
617
618
620
624
625
626
628
632
640
641
642
643
644
645
646
647
648
649
650
651
652
653
654
656
657
658
659
660
661
662
664
665
666
668
672
673
674
675
676
677
678
680
681
682
684
688
689
690
692
696
704
705
706
707
708
709
710
712
713
714
716
720
721
722
724
728
736
737
738
740
744
752
768
769
770
771
772
773
774
775
776
777
778
779
780
781
782
784
785
786
787
788
789
790
792
793
794
796
800
801
802
803
804
805
806
808
809
810
812
816
817
818
820
824
832
833
834
835
836
837
838
840
841
842
844
848
849
850
852
856
864
865
866
868
872
880
896
897
898
899
900
901
902
904
905
906
908
912
913
914
916
920
928
929
930
932
936
944
960
961
962
964
968
976
992
1024
1025
1026
1027
1028
1029
1030
1031
1032
1033
1034
1035
1036
1037
1038
1039
1040
1041
1042
1043
1044
1045
1046
1047
1048
1049
1050
1051
1052
1053
1054
1056
1057
1058
1059
1060
1061
1062
1063
1064
1065
1066
1067
1068
1069
1070
1072
1073
1074
1075
1076
1077
1078
1080
1081
1082
1084
1088
1089
1090
1091
1092
1093
1094
1095
1096
1097
1098
1099
1100
1101
1102
1104
1105
1106
1107
1108
1109
1110
1112
1113
1114
1116
1120
1121
1122
1123
1124
1125
1126
1128
1129
1130
1132
1136
1137
1138
1140
1144
1152
1153
1154
1155
1156
1157
1158
1159
1160
1161
1162
1163
1164
1165
1166
1168
1169
1170
1171
1172
1173
1174
1176
1177
1178
1180
1184
1185
1186
1187
1188
1189
1190
1192
1193
1194
1196
1200
1201
1202
1204
1208
1216
1217
1218
1219
1220
1221
1222
1224
1225
1226
1228
1232
1233
1234
1236
1240
1248
1249
1250
1252
1256
1264
1280
1281
1282
1283
1284
1285
1286
1287
1288
1289
1290
1291
1292
1293
1294
1296
1297
1298
1299
1300
1301
1302
1304
1305
1306
1308
1312
1313
1314
1315
1316
1317
1318
1320
1321
1322
1324
1328
1329
1330
1332
1336
1344
1345
1346
1347
1348
1349
1350
1352
1353
1354
1356
1360
1361
1362
1364
1368
1376
1377
1378
1380
1384
1392
1408
1409
1410
1411
1412
1413
1414
1416
1417
1418
1420
1424
1425
1426
1428
1432
1440
1441
1442
1444
1448
1456
1472
1473
1474
1476
1480
1488
1504
1536
1537
1538
1539
1540
1541
1542
1543
1544
1545
1546
1547
1548
1549
1550
1552
1553
1554
1555
1556
1557
1558
1560
1561
1562
1564
1568
1569
1570
1571
1572
1573
1574
1576
1577
1578
1580
1584
1585
1586
1588
1592
1600
1601
1602
1603
1604
1605
1606
1608
1609
1610
1612
1616
1617
1618
1620
1624
1632
1633
1634
1636
1640
1648
1664
1665
1666
1667
1668
1669
1670
1672
1673
1674
1676
1680
1681
1682
1684
1688
1696
1697
1698
1700
1704
1712
1728
1729
1730
1732
1736
1744
1760
1792
1793
1794
1795
1796
1797
1798
1800
1801
1802
1804
1808
1809
1810
1812
1816
1824
1825
1826
1828
1832
1840
1856
1857
1858
1860
1864
1872
1888
1920
1921
1922
1924
1928
1936
1952
1984
2048
2049
2050
2051
2052
2053
2054
2055
2056
2057
2058
2059
2060
2061
2062
2063
2064
2065
2066
2067
2068
2069
2070
2071
2072
2073
2074
2075
2076
2077
2078
2080
2081
2082
2083
2084
2085
2086
2087
2088
2089
2090
2091
2092
2093
2094
2096
2097
2098
2099
2100
2101
2102
2104
2105
2106
2108
2112
2113
2114
2115
2116
2117
2118
2119
2120
2121
2122
2123
2124
2125
2126
2128
2129
2130
2131
2132
2133
2134
2136
2137
2138
2140
2144
2145
2146
2147
2148
2149
2150
2152
2153
2154
2156
2160
2161
2162
2164
2168
2176
2177
2178
2179
2180
2181
2182
2183
2184
2185
2186
2187
2188
2189
2190
2192
2193
2194
2195
2196
2197
2198
2200
2201
2202
2204
2208
2209
2210
2211
2212
2213
2214
2216
2217
2218
2220
2224
2225
2226
2228
2232
2240
2241
2242
2243
2244
2245
2246
2248
2249
2250
2252
2256
2257
2258
2260
2264
2272
2273
2274
2276
2280
2288
2304
2305
2306
2307
2308
2309
2310
2311
2312
2313
2314
2315
2316
2317
2318
2320
2321
2322
2323
2324
2325
2326
2328
2329
2330
2332
2336
2337
2338
2339
2340
2341
2342
2344
2345
2346
2348
2352
2353
2354
2356
2360
2368
2369
2370
2371
2372
2373
2374
2376
2377
2378
2380
2384
2385
2386
2388
2392
2400
2401
2402
2404
2408
2416
2432
2433
2434
2435
2436
2437
2438
2440
2441
2442
2444
2448
2449
2450
2452
2456
2464
2465
2466
2468
2472
2480
2496
2497
2498
2500
2504
2512
2528
2560
2561
2562
2563
2564
2565
2566
2567
2568
2569
2570
2571
2572
2573
2574
2576
2577
2578
2579
2580
2581
2582
2584
2585
2586
2588
2592
2593
2594
2595
2596
2597
2598
2600
2601
2602
2604
2608
2609
2610
2612
2616
2624
2625
2626
2627
2628
2629
2630
2632
2633
2634
2636
2640
2641
2642
2644
2648
2656
2657
2658
2660
2664
2672
2688
2689
2690
2691
2692
2693
2694
2696
2697
2698
2700
2704
2705
2706
2708
2712
2720
2721
2722
2724
2728
2736
2752
2753
2754
2756
2760
2768
2784
2816
2817
2818
2819
2820
2821
2822
2824
2825
2826
2828
2832
2833
2834
2836
2840
2848
2849
2850
2852
2856
2864
2880
2881
2882
2884
2888
2896
2912
2944
2945
2946
2948
2952
2960
2976
3008
3072
3073
3074
3075
3076
3077
3078
3079
3080
3081
3082
3083
3084
3085
3086
3088
3089
3090
3091
3092
3093
3094
3096
3097
3098
3100
3104
3105
3106
3107
3108
3109
3110
3112
3113
3114
3116
3120
3121
3122
3124
3128
3136
3137
3138
3139
3140
3141
3142
3144
3145
3146
3148
3152
3153
3154
3156
3160
3168
3169
3170
3172
3176
3184
3200
3201
3202
3203
3204
3205
3206
3208
3209
3210
3212
3216
3217
3218
3220
3224
3232
3233
3234
3236
3240
3248
3264
3265
3266
3268
3272
3280
3296
3328
3329
3330
3331
3332
3333
3334
3336
3337
3338
3340
3344
3345
3346
3348
3352
3360
3361
3362
3364
3368
3376
3392
3393
3394
3396
3400
3408
3424
3456
3457
3458
3460
3464
3472
3488
3520
3584
3585
3586
3587
3588
3589
3590
3592
3593
3594
3596
3600
3601
3602
3604
3608
3616
3617
3618
3620
3624
3632
3648
3649
3650
3652
3656
3664
3680
3712
3713
3714
3716
3720
3728
3744
3776
3840
3841
3842
3844
3848
3856
3872
3904
3968
4096
4097
4098
4099
4100
4101
4102
4103
4104
4105
4106
4107
4108
4109
4110
4111
4112
4113
4114
4115
4116
4117
4118
4119
4120
4121
4122
4123
4124
4125
4126
4128
4129
4130
4131
4132
4133
4134
4135
4136
4137
4138
4139
4140
4141
4142
4144
4145
4146
4147
4148
4149
4150
4152
4153
4154
4156
4160
4161
4162
4163
4164
4165
4166
4167
4168
4169
4170
4171
4172
4173
4174
4176
4177
4178
4179
4180
4181
4182
4184
4185
4186
4188
4192
4193
4194
4195
4196
4197
4198
4200
4201
4202
4204
4208
4209
4210
4212
4216
4224
4225
4226
4227
4228
4229
4230
4231
4232
4233
4234
4235
4236
4237
4238
4240
4241
4242
4243
4244
4245
4246
4248
4249
4250
4252
4256
4257
4258
4259
4260
4261
4262
4264
4265
4266
4268
4272
4273
4274
4276
4280
4288
4289
4290
4291
4292
4293
4294
4296
4297
4298
4300
4304
4305
4306
4308
4312
4320
4321
4322
4324
4328
4336
4352
4353
4354
4355
4356
4357
4358
4359
4360
4361
4362
4363
4364
4365
4366
4368
4369
4370
4371
4372
4373
4374
4376
4377
4378
4380
4384
4385
4386
4387
4388
4389
4390
4392
4393
4394
4396
4400
4401
4402
4404
4408
4416
4417
4418
4419
4420
4421
4422
4424
4425
4426
4428
4432
4433
4434
4436
4440
4448
4449
4450
4452
4456
4464
4480
4481
4482
4483
4484
4485
4486
4488
4489
4490
4492
4496
4497
4498
4500
4504
4512
4513
4514
4516
4520
4528
4544
4545
4546
4548
4552
4560
4576
4608
4609
4610
4611
4612
4613
4614
4615
4616
4617
4618
4619
4620
4621
4622
4624
4625
4626
4627
4628
4629
4630
4632
4633
4634
4636
4640
4641
4642
4643
4644
4645
4646
4648
4649
4650
4652
4656
4657
4658
4660
4664
4672
4673
4674
4675
4676
4677
4678
4680
4681
4682
4684
4688
4689
4690
4692
4696
4704
4705
4706
4708
4712
4720
4736
4737
4738
4739
4740
4741
4742
4744
4745
4746
4748
4752
4753
4754
4756
4760
4768
4769
4770
4772
4776
4784
4800
4801
4802
4804
4808
4816
4832
4864
4865
4866
4867
4868
4869
4870
4872
4873
4874
4876
4880
4881
4882
4884
4888
4896
4897
4898
4900
4904
4912
4928
4929
4930
4932
4936
4944
4960
4992
4993
4994
4996
5000
5008
5024
5056
5120
5121
5122
5123
5124
5125
5126
5127
5128
5129
5130
5131
5132
5133
5134
5136
5137
5138
5139
5140
5141
5142
5144
5145
5146
5148
5152
5153
5154
5155
5156
5157
5158
5160
5161
5162
5164
5168
5169
5170
5172
5176
5184
5185
5186
5187
5188
5189
5190
5192
5193
5194
5196
5200
5201
5202
5204
5208
5216
5217
5218
5220
5224
5232
5248
5249
5250
5251
5252
5253
5254
5256
5257
5258
5260
5264
5265
5266
5268
5272
5280
5281
5282
5284
5288
5296
5312
5313
5314
5316
5320
5328
5344
5376
5377
5378
5379
5380
5381
5382
5384
5385
5386
5388
5392
5393
5394
5396
5400
5408
5409
5410
5412
5416
5424
5440
5441
5442
5444
5448
5456
5472
5504
5505
5506
5508
5512
5520
5536
5568
5632
5633
5634
5635
5636
5637
5638
5640
5641
5642
5644
5648
5649
5650
5652
5656
5664
5665
5666
5668
5672
5680
5696
5697
5698
5700
5704
5712
5728
5760
5761
5762
5764
5768
5776
5792
5824
5888
5889
5890
5892
5896
5904
5920
5952
6016
6144
6145
6146
6147
6148
6149
6150
6151
6152
6153
6154
6155
6156
6157
6158
6160
6161
6162
6163
6164
6165
6166
6168
6169
6170
6172
6176
6177
6178
6179
6180
6181
6182
6184
6185
6186
6188
6192
6193
6194
6196
6200
6208
6209
6210
6211
6212
6213
6214
6216
6217
6218
6220
6224
6225
6226
6228
6232
6240
6241
6242
6244
6248
6256
6272
6273
6274
6275
6276
6277
6278
6280
6281
6282
6284
6288
6289
6290
6292
6296
6304
6305
6306
6308
6312
6320
6336
6337
6338
6340
6344
6352
6368
6400
6401
6402
6403
6404
6405
6406
6408
6409
6410
6412
6416
6417
6418
6420
6424
6432
6433
6434
6436
6440
6448
6464
6465
6466
6468
6472
6480
6496
6528
6529
6530
6532
6536
6544
6560
6592
6656
6657
6658
6659
6660
6661
6662
6664
6665
6666
6668
6672
6673
6674
6676
6680
6688
6689
6690
6692
6696
6704
6720
6721
6722
6724
6728
6736
6752
6784
6785
6786
6788
6792
6800
6816
6848
6912
6913
6914
6916
6920
6928
6944
6976
7040
7168
7169
7170
7171
7172
7173
7174
7176
7177
7178
7180
7184
7185
7186
7188
7192
7200
7201
7202
7204
7208
7216
7232
7233
7234
7236
7240
7248
7264
7296
7297
7298
7300
7304
7312
7328
7360
7424
7425
7426
7428
7432
7440
7456
7488
7552
7680
7681
7682
7684
7688
7696
7712
7744
7808
7936
8192
8193
8194
8195
8196
8197
8198
8199
8200
8201
8202
8203
8204
8205
8206
8207
8208
8209
8210
8211
8212
8213
8214
8215
8216
8217
8218
8219
8220
8221
8222
8224
8225
8226
8227
8228
8229
8230
8231
8232
8233
8234
8235
8236
8237
8238
8240
8241
8242
8243
8244
8245
8246
8248
8249
8250
8252
8256
8257
8258
8259
8260
8261
8262
8263
8264
8265
8266
8267
8268
8269
8270
8272
8273
8274
8275
8276
8277
8278
8280
8281
8282
8284
8288
8289
8290
8291
8292
8293
8294
8296
8297
8298
8300
8304
8305
8306
8308
8312
8320
8321
8322
8323
8324
8325
8326
8327
8328
8329
8330
8331
8332
8333
8334
8336
8337
8338
8339
8340
8341
8342
8344
8345
8346
8348
8352
8353
8354
8355
8356
8357
8358
8360
8361
8362
8364
8368
8369
8370
8372
8376
8384
8385
8386
8387
8388
8389
8390
8392
8393
8394
8396
8400
8401
8402
8404
8408
8416
8417
8418
8420
8424
8432
8448
8449
8450
8451
8452
8453
8454
8455
8456
8457
8458
8459
8460
8461
8462
8464
8465
8466
8467
8468
8469
8470
8472
8473
8474
8476
8480
8481
8482
8483
8484
8485
8486
8488
8489
8490
8492
8496
8497
8498
8500
8504
8512
8513
8514
8515
8516
8517
8518
8520
8521
8522
8524
8528
8529
8530
8532
8536
8544
8545
8546
8548
8552
8560
8576
8577
8578
8579
8580
8581
8582
8584
8585
8586
8588
8592
8593
8594
8596
8600
8608
8609
8610
8612
8616
8624
8640
8641
8642
8644
8648
8656
8672
8704
8705
8706
8707
8708
8709
8710
8711
8712
8713
8714
8715
8716
8717
8718
8720
8721
8722
8723
8724
8725
8726
8728
8729
8730
8732
8736
8737
8738
8739
8740
8741
8742
8744
8745
8746
8748
8752
8753
8754
8756
8760
8768
8769
8770
8771
8772
8773
8774
8776
8777
8778
8780
8784
8785
8786
8788
8792
8800
8801
8802
8804
8808
8816
8832
8833
8834
8835
8836
8837
8838
8840
8841
8842
8844
8848
8849
8850
8852
8856
8864
8865
8866
8868
8872
8880
8896
8897
8898
8900
8904
8912
8928
8960
8961
8962
8963
8964
8965
8966
8968
8969
8970
8972
8976
8977
8978
8980
8984
8992
8993
8994
8996
9000
9008
9024
9025
9026
9028
9032
9040
9056
9088
9089
9090
9092
9096
9104
9120
9152
9216
9217
9218
9219
9220
9221
9222
9223
9224
9225
9226
9227
9228
9229
9230
9232
9233
9234
9235
9236
9237
9238
9240
9241
9242
9244
9248
9249
9250
9251
9252
9253
9254
9256
9257
9258
9260
9264
9265
9266
9268
9272
9280
9281
9282
9283
9284
9285
9286
9288
9289
9290
9292
9296
9297
9298
9300
9304
9312
9313
9314
9316
9320
9328
9344
9345
9346
9347
9348
9349
9350
9352
9353
9354
9356
9360
9361
9362
9364
9368
9376
9377
9378
9380
9384
9392
9408
9409
9410
9412
9416
9424
9440
9472
9473
9474
9475
9476
9477
9478
9480
9481
9482
9484
9488
9489
9490
9492
9496
9504
9505
9506
9508
9512
9520
9536
9537
9538
9540
9544
9552
9568
9600
9601
9602
9604
9608
9616
9632
9664
9728
9729
9730
9731
9732
9733
9734
9736
9737
9738
9740
9744
9745
9746
9748
9752
9760
9761
9762
9764
9768
9776
9792
9793
9794
9796
9800
9808
9824
9856
9857
9858
9860
9864
9872
9888
9920
9984
9985
9986
9988
9992
10000
10016
10048
10112
10240
10241
10242
10243
10244
10245
10246
10247
10248
10249
10250
10251
10252
10253
10254
10256
10257
10258
10259
10260
10261
10262
10264
10265
10266
10268
10272
10273
10274
10275
10276
10277
10278
10280
10281
10282
10284
10288
10289
10290
10292
10296
10304
10305
10306
10307
10308
10309
10310
10312
10313
10314
10316
10320
10321
10322
10324
10328
10336
10337
10338
10340
10344
10352
10368
10369
10370
10371
10372
10373
10374
10376
10377
10378
10380
10384
10385
10386
10388
10392
10400
10401
10402
10404
10408
10416
10432
10433
10434
10436
10440
10448
10464
10496
10497
10498
10499
10500
10501
10502
10504
10505
10506
10508
10512
10513
10514
10516
10520
10528
10529
10530
10532
10536
10544
10560
10561
10562
10564
10568
10576
10592
10624
10625
10626
10628
10632
10640
10656
10688
10752
10753
10754
10755
10756
10757
10758
10760
10761
10762
10764
10768
10769
10770
10772
10776
10784
10785
10786
10788
10792
10800
10816
10817
10818
10820
10824
10832
10848
10880
10881
10882
10884
10888
10896
10912
10944
11008
11009
11010
11012
11016
11024
11040
11072
11136
11264
11265
11266
11267
11268
11269
11270
11272
11273
11274
11276
11280
11281
11282
11284
11288
11296
11297
11298
11300
11304
11312
11328
11329
11330
11332
11336
11344
11360
11392
11393
11394
11396
11400
11408
11424
11456
11520
11521
11522
11524
11528
11536
11552
11584
11648
11776
11777
11778
11780
11784
11792
11808
11840
11904
12032
12288
12289
12290
12291
12292
12293
12294
12295
12296
12297
12298
12299
12300
12301
12302
12304
12305
12306
12307
12308
12309
12310
12312
12313
12314
12316
12320
12321
12322
12323
12324
12325
12326
12328
12329
12330
12332
12336
12337
12338
12340
12344
12352
12353
12354
12355
12356
12357
12358
12360
12361
12362
12364
12368
12369
12370
12372
12376
12384
12385
12386
12388
12392
12400
12416
12417
12418
12419
12420
12421
12422
12424
12425
12426
12428
12432
12433
12434
12436
12440
12448
12449
12450
12452
12456
12464
12480
12481
12482
12484
12488
12496
12512
12544
12545
12546
12547
12548
12549
12550
12552
12553
12554
12556
12560
12561
12562
12564
12568
12576
12577
12578
12580
12584
12592
12608
12609
12610
12612
12616
12624
12640
12672
12673
12674
12676
12680
12688
12704
12736
12800
12801
12802
12803
12804
12805
12806
12808
12809
12810
12812
12816
12817
12818
12820
12824
12832
12833
12834
12836
12840
12848
12864
12865
12866
12868
12872
12880
12896
12928
12929
12930
12932
12936
12944
12960
12992
13056
13057
13058
13060
13064
13072
13088
13120
13184
13312
13313
13314
13315
13316
13317
13318
13320
13321
13322
13324
13328
13329
13330
13332
13336
13344
13345
13346
13348
13352
13360
13376
13377
13378
13380
13384
13392
13408
13440
13441
13442
13444
13448
13456
13472
13504
13568
13569
13570
13572
13576
13584
13600
13632
13696
13824
13825
13826
13828
13832
13840
13856
13888
13952
14080
14336
14337
14338
14339
14340
14341
14342
14344
14345
14346
14348
14352
14353
14354
14356
14360
14368
14369
14370
14372
14376
14384
14400
14401
14402
14404
14408
14416
14432
14464
14465
14466
14468
14472
14480
14496
14528
14592
14593
14594
14596
14600
14608
14624
14656
14720
14848
14849
14850
14852
14856
14864
14880
14912
14976
15104
15360
15361
15362
15364
15368
15376
15392
15424
15488
15616
15872
16384
16385
16386
16387
16388
16389
16390
16391
16392
16393
16394
16395
16396
16397
16398
16399
16400
16401
16402
16403
16404
16405
16406
16407
16408
16409
16410
16411
16412
16413
16414
16416
16417
16418
16419
16420
16421
16422
16423
16424
16425
16426
16427
16428
16429
16430
16432
16433
16434
16435
16436
16437
16438
16440
16441
16442
16444
16448
16449
16450
16451
16452
16453
16454
16455
16456
16457
16458
16459
16460
16461
16462
16464
16465
16466
16467
16468
16469
16470
16472
16473
16474
16476
16480
16481
16482
16483
16484
16485
16486
16488
16489
16490
16492
16496
16497
16498
16500
16504
16512
16513
16514
16515
16516
16517
16518
16519
16520
16521
16522
16523
16524
16525
16526
16528
16529
16530
16531
16532
16533
16534
16536
16537
16538
16540
16544
16545
16546
16547
16548
16549
16550
16552
16553
16554
16556
16560
16561
16562
16564
16568
16576
16577
16578
16579
16580
16581
16582
16584
16585
16586
16588
16592
16593
16594
16596
16600
16608
16609
16610
16612
16616
16624
16640
16641
16642
16643
16644
16645
16646
16647
16648
16649
16650
16651
16652
16653
16654
16656
16657
16658
16659
16660
16661
16662
16664
16665
16666
16668
16672
16673
16674
16675
16676
16677
16678
16680
16681
16682
16684
16688
16689
16690
16692
16696
16704
16705
16706
16707
16708
16709
16710
16712
16713
16714
16716
16720
16721
16722
16724
16728
16736
16737
16738
16740
16744
16752
16768
16769
16770
16771
16772
16773
16774
16776
16777
16778
16780
16784
16785
16786
16788
16792
16800
16801
16802
16804
16808
16816
16832
16833
16834
16836
16840
16848
16864
16896
16897
16898
16899
16900
16901
16902
16903
16904
16905
16906
16907
16908
16909
16910
16912
16913
16914
16915
16916
16917
16918
16920
16921
16922
16924
16928
16929
16930
16931
16932
16933
16934
16936
16937
16938
16940
16944
16945
16946
16948
16952
16960
16961
16962
16963
16964
16965
16966
16968
16969
16970
16972
16976
16977
16978
16980
16984
16992
16993
16994
16996
17000
17008
17024
17025
17026
17027
17028
17029
17030
17032
17033
17034
17036
17040
17041
17042
17044
17048
17056
17057
17058
17060
17064
17072
17088
17089
17090
17092
17096
17104
17120
17152
17153
17154
17155
17156
17157
17158
17160
17161
17162
17164
17168
17169
17170
17172
17176
17184
17185
17186
17188
17192
17200
17216
17217
17218
17220
17224
17232
17248
17280
17281
17282
17284
17288
17296
17312
17344
17408
17409
17410
17411
17412
17413
17414
17415
17416
17417
17418
17419
17420
17421
17422
17424
17425
17426
17427
17428
17429
17430
17432
17433
17434
17436
17440
17441
17442
17443
17444
17445
17446
17448
17449
17450
17452
17456
17457
17458
17460
17464
17472
17473
17474
17475
17476
17477
17478
17480
17481
17482
17484
17488
17489
17490
17492
17496
17504
17505
17506
17508
17512
17520
17536
17537
17538
17539
17540
17541
17542
17544
17545
17546
17548
17552
17553
17554
17556
17560
17568
17569
17570
17572
17576
17584
17600
17601
17602
17604
17608
17616
17632
17664
17665
17666
17667
17668
17669
17670
17672
17673
17674
17676
17680
17681
17682
17684
17688
17696
17697
17698
17700
17704
17712
17728
17729
17730
17732
17736
17744
17760
17792
17793
17794
17796
17800
17808
17824
17856
17920
17921
17922
17923
17924
17925
17926
17928
17929
17930
17932
17936
17937
17938
17940
17944
17952
17953
17954
17956
17960
17968
17984
17985
17986
17988
17992
18000
18016
18048
18049
18050
18052
18056
18064
18080
18112
18176
18177
18178
18180
18184
18192
18208
18240
18304
18432
18433
18434
18435
18436
18437
18438
18439
18440
18441
18442
18443
18444
18445
18446
18448
18449
18450
18451
18452
18453
18454
18456
18457
18458
18460
18464
18465
18466
18467
18468
18469
18470
18472
18473
18474
18476
18480
18481
18482
18484
18488
18496
18497
18498
18499
18500
18501
18502
18504
18505
18506
18508
18512
18513
18514
18516
18520
18528
18529
18530
18532
18536
18544
18560
18561
18562
18563
18564
18565
18566
18568
18569
18570
18572
18576
18577
18578
18580
18584
18592
18593
18594
18596
18600
18608
18624
18625
18626
18628
18632
18640
18656
18688
18689
18690
18691
18692
18693
18694
18696
18697
18698
18700
18704
18705
18706
18708
18712
18720
18721
18722
18724
18728
18736
18752
18753
18754
18756
18760
18768
18784
18816
18817
18818
18820
18824
18832
18848
18880
18944
18945
18946
18947
18948
18949
18950
18952
18953
18954
18956
18960
18961
18962
18964
18968
18976
18977
18978
18980
18984
18992
19008
19009
19010
19012
19016
19024
19040
19072
19073
19074
19076
19080
19088
19104
19136
19200
19201
19202
19204
19208
19216
19232
19264
19328
19456
19457
19458
19459
19460
19461
19462
19464
19465
19466
19468
19472
19473
19474
19476
19480
19488
19489
19490
19492
19496
19504
19520
19521
19522
19524
19528
19536
19552
19584
19585
19586
19588
19592
19600
19616
19648
19712
19713
19714
19716
19720
19728
19744
19776
19840
19968
19969
19970
19972
19976
19984
20000
20032
20096
20224
20480
20481
20482
20483
20484
20485
20486
20487
20488
20489
20490
20491
20492
20493
20494
20496
20497
20498
20499
20500
20501
20502
20504
20505
20506
20508
20512
20513
20514
20515
20516
20517
20518
20520
20521
20522
20524
20528
20529
20530
20532
20536
20544
20545
20546
20547
20548
20549
20550
20552
20553
20554
20556
20560
20561
20562
20564
20568
20576
20577
20578
20580
20584
20592
20608
20609
20610
20611
20612
20613
20614
20616
20617
20618
20620
20624
20625
20626
20628
20632
20640
20641
20642
20644
20648
20656
20672
20673
20674
20676
20680
20688
20704
20736
20737
20738
20739
20740
20741
20742
20744
20745
20746
20748
20752
20753
20754
20756
20760
20768
20769
20770
20772
20776
20784
20800
20801
20802
20804
20808
20816
20832
20864
20865
20866
20868
20872
20880
20896
20928
20992
20993
20994
20995
20996
20997
20998
21000
21001
21002
21004
21008
21009
21010
21012
21016
21024
21025
21026
21028
21032
21040
21056
21057
21058
21060
21064
21072
21088
21120
21121
21122
21124
21128
21136
21152
21184
21248
21249
21250
21252
21256
21264
21280
21312
21376
21504
21505
21506
21507
21508
21509
21510
21512
21513
21514
21516
21520
21521
21522
21524
21528
21536
21537
21538
21540
21544
21552
21568
21569
21570
21572
21576
21584
21600
21632
21633
21634
21636
21640
21648
21664
21696
21760
21761
21762
21764
21768
21776
21792
21824
21888
22016
22017
22018
22020
22024
22032
22048
22080
22144
22272
22528
22529
22530
22531
22532
22533
22534
22536
22537
22538
22540
22544
22545
22546
22548
22552
22560
22561
22562
22564
22568
22576
22592
22593
22594
22596
22600
22608
22624
22656
22657
22658
22660
22664
22672
22688
22720
22784
22785
22786
22788
22792
22800
22816
22848
22912
23040
23041
23042
23044
23048
23056
23072
23104
23168
23296
23552
23553
23554
23556
23560
23568
23584
23616
23680
23808
24064
24576
24577
24578
24579
24580
24581
24582
24583
24584
24585
24586
24587
24588
24589
24590
24592
24593
24594
24595
24596
24597
24598
24600
24601
24602
24604
24608
24609
24610
24611
24612
24613
24614
24616
24617
24618
24620
24624
24625
24626
24628
24632
24640
24641
24642
24643
24644
24645
24646
24648
24649
24650
24652
24656
24657
24658
24660
24664
24672
24673
24674
24676
24680
24688
24704
24705
24706
24707
24708
24709
24710
24712
24713
24714
24716
24720
24721
24722
24724
24728
24736
24737
24738
24740
24744
24752
24768
24769
24770
24772
24776
24784
24800
24832
24833
24834
24835
24836
24837
24838
24840
24841
24842
24844
24848
24849
24850
24852
24856
24864
24865
24866
24868
24872
24880
24896
24897
24898
24900
24904
24912
24928
24960
24961
24962
24964
24968
24976
24992
25024
25088
25089
25090
25091
25092
25093
25094
25096
25097
25098
25100
25104
25105
25106
25108
25112
25120
25121
25122
25124
25128
25136
25152
25153
25154
25156
25160
25168
25184
25216
25217
25218
25220
25224
25232
25248
25280
25344
25345
25346
25348
25352
25360
25376
25408
25472
25600
25601
25602
25603
25604
25605
25606
25608
25609
25610
25612
25616
25617
25618
25620
25624
25632
25633
25634
25636
25640
25648
25664
25665
25666
25668
25672
25680
25696
25728
25729
25730
25732
25736
25744
25760
25792
25856
25857
25858
25860
25864
25872
25888
25920
25984
26112
26113
26114
26116
26120
26128
26144
26176
26240
26368
26624
26625
26626
26627
26628
26629
26630
26632
26633
26634
26636
26640
26641
26642
26644
26648
26656
26657
26658
26660
26664
26672
26688
26689
26690
26692
26696
26704
26720
26752
26753
26754
26756
26760
26768
26784
26816
26880
26881
26882
26884
26888
26896
26912
26944
27008
27136
27137
27138
27140
27144
27152
27168
27200
27264
27392
27648
27649
27650
27652
27656
27664
27680
27712
27776
27904
28160
28672
28673
28674
28675
28676
28677
28678
28680
28681
28682
28684
28688
28689
28690
28692
28696
28704
28705
28706
28708
28712
28720
28736
28737
28738
28740
28744
28752
28768
28800
28801
28802
28804
28808
28816
28832
28864
28928
28929
28930
28932
28936
28944
28960
28992
29056
29184
29185
29186
29188
29192
29200
29216
29248
29312
29440
29696
29697
29698
29700
29704
29712
29728
29760
29824
29952
30208
30720
30721
30722
30724
30728
30736
30752
30784
30848
30976
31232
31744
32768
32769
32770
32771
32772
32773
32774
32775
32776
32777
32778
32779
32780
32781
32782
32783
32784
32785
32786
32787
32788
32789
32790
32791
32792
32793
32794
32795
32796
32797
32798
32800
32801
32802
32803
32804
32805
32806
32807
32808
32809
32810
32811
32812
32813
32814
32816
32817
32818
32819
32820
32821
32822
32824
32825
32826
32828
32832
32833
32834
32835
32836
32837
32838
32839
32840
32841
32842
32843
32844
32845
32846
32848
32849
32850
32851
32852
32853
32854
32856
32857
32858
32860
32864
32865
32866
32867
32868
32869
32870
32872
32873
32874
32876
32880
32881
32882
32884
32888
32896
32897
32898
32899
32900
32901
32902
32903
32904
32905
32906
32907
32908
32909
32910
32912
32913
32914
32915
32916
32917
32918
32920
32921
32922
32924
32928
32929
32930
32931
32932
32933
32934
32936
32937
32938
32940
32944
32945
32946
32948
32952
32960
32961
32962
32963
32964
32965
32966
32968
32969
32970
32972
32976
32977
32978
32980
32984
32992
32993
32994
32996
33000
33008
33024
33025
33026
33027
33028
33029
33030
33031
33032
33033
33034
33035
33036
33037
33038
33040
33041
33042
33043
33044
33045
33046
33048
33049
33050
33052
33056
33057
33058
33059
33060
33061
33062
33064
33065
33066
33068
33072
33073
33074
33076
33080
33088
33089
33090
33091
33092
33093
33094
33096
33097
33098
33100
33104
33105
33106
33108
33112
33120
33121
33122
33124
33128
33136
33152
33153
33154
33155
33156
33157
33158
33160
33161
33162
33164
33168
33169
33170
33172
33176
33184
33185
33186
33188
33192
33200
33216
33217
33218
33220
33224
33232
33248
33280
33281
33282
33283
33284
33285
33286
33287
33288
33289
33290
33291
33292
33293
33294
33296
33297
33298
33299
33300
33301
33302
33304
33305
33306
33308
33312
33313
33314
33315
33316
33317
33318
33320
33321
33322
33324
33328
33329
33330
33332
33336
33344
33345
33346
33347
33348
33349
33350
33352
33353
33354
33356
33360
33361
33362
33364
33368
33376
33377
33378
33380
33384
33392
33408
33409
33410
33411
33412
33413
33414
33416
33417
33418
33420
33424
33425
33426
33428
33432
33440
33441
33442
33444
33448
33456
33472
33473
33474
33476
33480
33488
33504
33536
33537
33538
33539
33540
33541
33542
33544
33545
33546
33548
33552
33553
33554
33556
33560
33568
33569
33570
33572
33576
33584
33600
33601
33602
33604
33608
33616
33632
33664
33665
33666
33668
33672
33680
33696
33728
33792
33793
33794
33795
33796
33797
33798
33799
33800
33801
33802
33803
33804
33805
33806
33808
33809
33810
33811
33812
33813
33814
33816
33817
33818
33820
33824
33825
33826
33827
33828
33829
33830
33832
33833
33834
33836
33840
33841
33842
33844
33848
33856
33857
33858
33859
33860
33861
33862
33864
33865
33866
33868
33872
33873
33874
33876
33880
33888
33889
33890
33892
33896
33904
33920
33921
33922
33923
33924
33925
33926
33928
33929
33930
33932
33936
33937
33938
33940
33944
33952
33953
33954
33956
33960
33968
33984
33985
33986
33988
33992
34000
34016
34048
34049
34050
34051
34052
34053
34054
34056
34057
34058
34060
34064
34065
34066
34068
34072
34080
34081
34082
34084
34088
34096
34112
34113
34114
34116
34120
34128
34144
34176
34177
34178
34180
34184
34192
34208
34240
34304
34305
34306
34307
34308
34309
34310
34312
34313
34314
34316
34320
34321
34322
34324
34328
34336
34337
34338
34340
34344
34352
34368
34369
34370
34372
34376
34384
34400
34432
34433
34434
34436
34440
34448
34464
34496
34560
34561
34562
34564
34568
34576
34592
34624
34688
34816
34817
34818
34819
34820
34821
34822
34823
34824
34825
34826
34827
34828
34829
34830
34832
34833
34834
34835
34836
34837
34838
34840
34841
34842
34844
34848
34849
34850
34851
34852
34853
34854
34856
34857
34858
34860
34864
34865
34866
34868
34872
34880
34881
34882
34883
34884
34885
34886
34888
34889
34890
34892
34896
34897
34898
34900
34904
34912
34913
34914
34916
34920
34928
34944
34945
34946
34947
34948
34949
34950
34952
34953
34954
34956
34960
34961
34962
34964
34968
34976
34977
34978
34980
34984
34992
35008
35009
35010
35012
35016
35024
35040
35072
35073
35074
35075
35076
35077
35078
35080
35081
35082
35084
35088
35089
35090
35092
35096
35104
35105
35106
35108
35112
35120
35136
35137
35138
35140
35144
35152
35168
35200
35201
35202
35204
35208
35216
35232
35264
35328
35329
35330
35331
35332
35333
35334
35336
35337
35338
35340
35344
35345
35346
35348
35352
35360
35361
35362
35364
35368
35376
35392
35393
35394
35396
35400
35408
35424
35456
35457
35458
35460
35464
35472
35488
35520
35584
35585
35586
35588
35592
35600
35616
35648
35712
35840
35841
35842
35843
35844
35845
35846
35848
35849
35850
35852
35856
35857
35858
35860
35864
35872
35873
35874
35876
35880
35888
35904
35905
35906
35908
35912
35920
35936
35968
35969
35970
35972
35976
35984
36000
36032
36096
36097
36098
36100
36104
36112
36128
36160
36224
36352
36353
36354
36356
36360
36368
36384
36416
36480
36608
36864
36865
36866
36867
36868
36869
36870
36871
36872
36873
36874
36875
36876
36877
36878
36880
36881
36882
36883
36884
36885
36886
36888
36889
36890
36892
36896
36897
36898
36899
36900
36901
36902
36904
36905
36906
36908
36912
36913
36914
36916
36920
36928
36929
36930
36931
36932
36933
36934
36936
36937
36938
36940
36944
36945
36946
36948
36952
36960
36961
36962
36964
36968
36976
36992
36993
36994
36995
36996
36997
36998
37000
37001
37002
37004
37008
37009
37010
37012
37016
37024
37025
37026
37028
37032
37040
37056
37057
37058
37060
37064
37072
37088
37120
37121
37122
37123
37124
37125
37126
37128
37129
37130
37132
37136
37137
37138
37140
37144
37152
37153
37154
37156
37160
37168
37184
37185
37186
37188
37192
37200
37216
37248
37249
37250
37252
37256
37264
37280
37312
37376
37377
37378
37379
37380
37381
37382
37384
37385
37386
37388
37392
37393
37394
37396
37400
37408
37409
37410
37412
37416
37424
37440
37441
37442
37444
37448
37456
37472
37504
37505
37506
37508
37512
37520
37536
37568
37632
37633
37634
37636
37640
37648
37664
37696
37760
37888
37889
37890
37891
37892
37893
37894
37896
37897
37898
37900
37904
37905
37906
37908
37912
37920
37921
37922
37924
37928
37936
37952
37953
37954
37956
37960
37968
37984
38016
38017
38018
38020
38024
38032
38048
38080
38144
38145
38146
38148
38152
38160
38176
38208
38272
38400
38401
38402
38404
38408
38416
38432
38464
38528
38656
38912
38913
38914
38915
38916
38917
38918
38920
38921
38922
38924
38928
38929
38930
38932
38936
38944
38945
38946
38948
38952
38960
38976
38977
38978
38980
38984
38992
39008
39040
39041
39042
39044
39048
39056
39072
39104
39168
39169
39170
39172
39176
39184
39200
39232
39296
39424
39425
39426
39428
39432
39440
39456
39488
39552
39680
39936
39937
39938
39940
39944
39952
39968
40000
40064
40192
40448
40960
40961
40962
40963
40964
40965
40966
40967
40968
40969
40970
40971
40972
40973
40974
40976
40977
40978
40979
40980
40981
40982
40984
40985
40986
40988
40992
40993
40994
40995
40996
40997
40998
41000
41001
41002
41004
41008
41009
41010
41012
41016
41024
41025
41026
41027
41028
41029
41030
41032
41033
41034
41036
41040
41041
41042
41044
41048
41056
41057
41058
41060
41064
41072
41088
41089
41090
41091
41092
41093
41094
41096
41097
41098
41100
41104
41105
41106
41108
41112
41120
41121
41122
41124
41128
41136
41152
41153
41154
41156
41160
41168
41184
41216
41217
41218
41219
41220
41221
41222
41224
41225
41226
41228
41232
41233
41234
41236
41240
41248
41249
41250
41252
41256
41264
41280
41281
41282
41284
41288
41296
41312
41344
41345
41346
41348
41352
41360
41376
41408
41472
41473
41474
41475
41476
41477
41478
41480
41481
41482
41484
41488
41489
41490
41492
41496
41504
41505
41506
41508
41512
41520
41536
41537
41538
41540
41544
41552
41568
41600
41601
41602
41604
41608
41616
41632
41664
41728
41729
41730
41732
41736
41744
41760
41792
41856
41984
41985
41986
41987
41988
41989
41990
41992
41993
41994
41996
42000
42001
42002
42004
42008
42016
42017
42018
42020
42024
42032
42048
42049
42050
42052
42056
42064
42080
42112
42113
42114
42116
42120
42128
42144
42176
42240
42241
42242
42244
42248
42256
42272
42304
42368
42496
42497
42498
42500
42504
42512
42528
42560
42624
42752
43008
43009
43010
43011
43012
43013
43014
43016
43017
43018
43020
43024
43025
43026
43028
43032
43040
43041
43042
43044
43048
43056
43072
43073
43074
43076
43080
43088
43104
43136
43137
43138
43140
43144
43152
43168
43200
43264
43265
43266
43268
43272
43280
43296
43328
43392
43520
43521
43522
43524
43528
43536
43552
43584
43648
43776
44032
44033
44034
44036
44040
44048
44064
44096
44160
44288
44544
45056
45057
45058
45059
45060
45061
45062
45064
45065
45066
45068
45072
45073
45074
45076
45080
45088
45089
45090
45092
45096
45104
45120
45121
45122
45124
45128
45136
45152
45184
45185
45186
45188
45192
45200
45216
45248
45312
45313
45314
45316
45320
45328
45344
45376
45440
45568
45569
45570
45572
45576
45584
45600
45632
45696
45824
46080
46081
46082
46084
46088
46096
46112
46144
46208
46336
46592
47104
47105
47106
47108
47112
47120
47136
47168
47232
47360
47616
48128
49152
49153
49154
49155
49156
49157
49158
49159
49160
49161
49162
49163
49164
49165
49166
49168
49169
49170
49171
49172
49173
49174
49176
49177
49178
49180
49184
49185
49186
49187
49188
49189
49190
49192
49193
49194
49196
49200
49201
49202
49204
49208
49216
49217
49218
49219
49220
49221
49222
49224
49225
49226
49228
49232
49233
49234
49236
49240
49248
49249
49250
49252
49256
49264
49280
49281
49282
49283
49284
49285
49286
49288
49289
49290
49292
49296
49297
49298
49300
49304
49312
49313
49314
49316
49320
49328
49344
49345
49346
49348
49352
49360
49376
49408
49409
49410
49411
49412
49413
49414
49416
49417
49418
49420
49424
49425
49426
49428
49432
49440
49441
49442
49444
49448
49456
49472
49473
49474
49476
49480
49488
49504
49536
49537
49538
49540
49544
49552
49568
49600
49664
49665
49666
49667
49668
49669
49670
49672
49673
49674
49676
49680
49681
49682
49684
49688
49696
49697
49698
49700
49704
49712
49728
49729
49730
49732
49736
49744
49760
49792
49793
49794
49796
49800
49808
49824
49856
49920
49921
49922
49924
49928
49936
49952
49984
50048
50176
50177
50178
50179
50180
50181
50182
50184
50185
50186
50188
50192
50193
50194
50196
50200
50208
50209
50210
50212
50216
50224
50240
50241
50242
50244
50248
50256
50272
50304
50305
50306
50308
50312
50320
50336
50368
50432
50433
50434
50436
50440
50448
50464
50496
50560
50688
50689
50690
50692
50696
50704
50720
50752
50816
50944
51200
51201
51202
51203
51204
51205
51206
51208
51209
51210
51212
51216
51217
51218
51220
51224
51232
51233
51234
51236
51240
51248
51264
51265
51266
51268
51272
51280
51296
51328
51329
51330
51332
51336
51344
51360
51392
51456
51457
51458
51460
51464
51472
51488
51520
51584
51712
51713
51714
51716
51720
51728
51744
51776
51840
51968
52224
52225
52226
52228
52232
52240
52256
52288
52352
52480
52736
53248
53249
53250
53251
53252
53253
53254
53256
53257
53258
53260
53264
53265
53266
53268
53272
53280
53281
53282
53284
53288
53296
53312
53313
53314
53316
53320
53328
53344
53376
53377
53378
53380
53384
53392
53408
53440
53504
53505
53506
53508
53512
53520
53536
53568
53632
53760
53761
53762
53764
53768
53776
53792
53824
53888
54016
54272
54273
54274
54276
54280
54288
54304
54336
54400
54528
54784
55296
55297
55298
55300
55304
55312
55328
55360
55424
55552
55808
56320
57344
57345
57346
57347
57348
57349
57350
57352
57353
57354
57356
57360
57361
57362
57364
57368
57376
57377
57378
57380
57384
57392
57408
57409
57410
57412
57416
57424
57440
57472
57473
57474
57476
57480
57488
57504
57536
57600
57601
57602
57604
57608
57616
57632
57664
57728
57856
57857
57858
57860
57864
57872
57888
57920
57984
58112
58368
58369
58370
58372
58376
58384
58400
58432
58496
58624
58880
59392
59393
59394
59396
59400
59408
59424
59456
59520
59648
59904
60416
61440
61441
61442
61444
61448
61456
61472
61504
61568
61696
61952
62464
63488
