0
1
2
3
4
5
6
7
8
9
10
11
12
13
14
15
16
17
18
19
20
21
22
23
24
25
26
27
28
29
30
32
33
34
35
36
37
38
39
40
41
42
43
44
45
46
48
49
50
51
52
53
54
56
57
58
60
64
65
66
67
68
69
70
71
72
73
74
75
76
77
78
80
81
82
83
84
85
86
88
89
90
92
96
97
98
99
100
101
102
104
105
106
108
112
113
114
116
120
128
129
130
131
132
133
134
135
136
137
138
139
140
141
142
144
145
146
147
148
149
150
152
153
154
156
160
161
162
163
164
165
166
168
169
170
172
176
177
178
180
184
192
193
194
195
196
197
198
200
201
202
204
208
209
210
212
216
224
225
226
228
232
240
256
257
258
259
260
261
262
263
264
265
266
267
268
269
270
272
273
274
275
276
277
278
280
281
282
284
288
289
290
291
292
293
294
296
297
298
300
304
305
306
308
312
320
321
322
323
324
325
326
328
329
330
332
336
337
338
340
344
352
353
354
356
360
368
384
385
386
387
388
389
390
392
393
394
396
400
401
402
404
408
416
417
418
420
424
432
448
449
450
452
456
464
480
512
513
514
515
516
517
518
519
520
521
522
523
524
525
526
528
529
530
531
532
533
534
536
537
538
540
544
545
546
547
548
549
550
552
553
554
556
560
561
562
564
568
576
577
578
579
580
581
582
584
585
586
588
592
593
594
596
600
608
609
610
612
616
624
640
641
642
643
644
645
646
648
649
650
652
656
657
658
660
664
672
673
674
676
680
688
704
705
706
708
712
720
736
768
769
770
771
772
773
774
776
777
778
780
784
785
786
788
792
800
801
802
804
808
816
832
833
834
836
840
848
864
896
897
898
900
904
912
928
960
1024
1025
1026
1027
1028
1029
1030
1031
1032
1033
1034
1035
1036
1037
1038
1040
1041
1042
1043
1044
1045
1046
1048
1049
1050
1052
1056
1057
1058
1059
1060
1061
1062
1064
1065
1066
1068
1072
1073
1074
1076
1080
1088
1089
1090
1091
1092
1093
1094
1096
1097
1098
1100
1104
1105
1106
1108
1112
1120
1121
1122
1124
1128
1136
1152
1153
1154
1155
1156
1157
1158
1160
1161
1162
1164
1168
1169
1170
1172
1176
1184
1185
1186
1188
1192
1200
1216
1217
1218
1220
1224
1232
1248
1280
1281
1282
1283
1284
1285
1286
1288
1289
1290
1292
1296
1297
1298
1300
1304
1312
1313
1314
1316
1320
1328
1344
1345
1346
1348
1352
1360
1376
1408
1409
1410
1412
1416
1424
1440
1472
1536
1537
1538
1539
1540
1541
1542
1544
1545
1546
1548
1552
1553
1554
1556
1560
1568
1569
1570
1572
1576
1584
1600
1601
1602
1604
1608
1616
1632
1664
1665
1666
1668
1672
1680
1696
1728
1792
1793
1794
1796
1800
1808
1824
1856
1920
2048
2049
2050
2051
2052
2053
2054
2055
2056
2057
2058
2059
2060
2061
2062
2064
2065
2066
2067
2068
2069
2070
2072
2073
2074
2076
2080
2081
2082
2083
2084
2085
2086
2088
2089
2090
2092
2096
2097
2098
2100
2104
2112
2113
2114
2115
2116
2117
2118
2120
2121
2122
2124
2128
2129
2130
2132
2136
2144
2145
2146
2148
2152
2160
2176
2177
2178
2179
2180
2181
2182
2184
2185
2186
2188
2192
2193
2194
2196
2200
2208
2209
2210
2212
2216
2224
2240
2241
2242
2244
2248
2256
2272
2304
2305
2306
2307
2308
2309
2310
2312
2313
2314
2316
2320
2321
2322
2324
2328
2336
2337
2338
2340
2344
2352
2368
2369
2370
2372
2376
2384
2400
2432
2433
2434
2436
2440
2448
2464
2496
2560
2561
2562
2563
2564
2565
2566
2568
2569
2570
2572
2576
2577
2578
2580
2584
2592
2593
2594
2596
2600
2608
2624
2625
2626
2628
2632
2640
2656
2688
2689
2690
2692
2696
2704
2720
2752
2816
2817
2818
2820
2824
2832
2848
2880
2944
3072
3073
3074
3075
3076
3077
3078
3080
3081
3082
3084
3088
3089
3090
3092
3096
3104
3105
3106
3108
3112
3120
3136
3137
3138
3140
3144
3152
3168
3200
3201
3202
3204
3208
3216
3232
3264
3328
3329
3330
3332
3336
3344
3360
3392
3456
3584
3585
3586
3588
3592
3600
3616
3648
3712
3840
4096
4097
4098
4099
4100
4101
4102
4103
4104
4105
4106
4107
4108
4109
4110
4112
4113
4114
4115
4116
4117
4118
4120
4121
4122
4124
4128
4129
4130
4131
4132
4133
4134
4136
4137
4138
4140
4144
4145
4146
4148
4152
4160
4161
4162
4163
4164
4165
4166
4168
4169
4170
4172
4176
4177
4178
4180
4184
4192
4193
4194
4196
4200
4208
4224
4225
4226
4227
4228
4229
4230
4232
4233
4234
4236
4240
4241
4242
4244
4248
4256
4257
4258
4260
4264
4272
4288
4289
4290
4292
4296
4304
4320
4352
4353
4354
4355
4356
4357
4358
4360
4361
4362
4364
4368
4369
4370
4372
4376
4384
4385
4386
4388
4392
4400
4416
4417
4418
4420
4424
4432
4448
4480
4481
4482
4484
4488
4496
4512
4544
4608
4609
4610
4611
4612
4613
4614
4616
4617
4618
4620
4624
4625
4626
4628
4632
4640
4641
4642
4644
4648
4656
4672
4673
4674
4676
4680
4688
4704
4736
4737
4738
4740
4744
4752
4768
4800
4864
4865
4866
4868
4872
4880
4896
4928
4992
5120
5121
5122
5123
5124
5125
5126
5128
5129
5130
5132
5136
5137
5138
5140
5144
5152
5153
5154
5156
5160
5168
5184
5185
5186
5188
5192
5200
5216
5248
5249
5250
5252
5256
5264
5280
5312
5376
5377
5378
5380
5384
5392
5408
5440
5504
5632
5633
5634
5636
5640
5648
5664
5696
5760
5888
6144
6145
6146
6147
6148
6149
6150
6152
6153
6154
6156
6160
6161
6162
6164
6168
6176
6177
6178
6180
6184
6192
6208
6209
6210
6212
6216
6224
6240
6272
6273
6274
6276
6280
6288
6304
6336
6400
6401
6402
6404
6408
6416
6432
6464
6528
6656
6657
6658
6660
6664
6672
6688
6720
6784
6912
7168
7169
7170
7172
7176
7184
7200
7232
7296
7424
7680
8192
8193
8194
8195
8196
8197
8198
8199
8200
8201
8202
8203
8204
8205
8206
8208
8209
8210
8211
8212
8213
8214
8216
8217
8218
8220
8224
8225
8226
8227
8228
8229
8230
8232
8233
8234
8236
8240
8241
8242
8244
8248
8256
8257
8258
8259
8260
8261
8262
8264
8265
8266
8268
8272
8273
8274
8276
8280
8288
8289
8290
8292
8296
8304
8320
8321
8322
8323
8324
8325
8326
8328
8329
8330
8332
8336
8337
8338
8340
8344
8352
8353
8354
8356
8360
8368
8384
8385
8386
8388
8392
8400
8416
8448
8449
8450
8451
8452
8453
8454
8456
8457
8458
8460
8464
8465
8466
8468
8472
8480
8481
8482
8484
8488
8496
8512
8513
8514
8516
8520
8528
8544
8576
8577
8578
8580
8584
8592
8608
8640
8704
8705
8706
8707
8708
8709
8710
8712
8713
8714
8716
8720
8721
8722
8724
8728
8736
8737
8738
8740
8744
8752
8768
8769
8770
8772
8776
8784
8800
8832
8833
8834
8836
8840
8848
8864
8896
8960
8961
8962
8964
8968
8976
8992
9024
9088
9216
9217
9218
9219
9220
9221
9222
9224
9225
9226
9228
9232
9233
9234
9236
9240
9248
9249
9250
9252
9256
9264
9280
9281
9282
9284
9288
9296
9312
9344
9345
9346
9348
9352
9360
9376
9408
9472
9473
9474
9476
9480
9488
9504
9536
9600
9728
9729
9730
9732
9736
9744
9760
9792
9856
9984
10240
10241
10242
10243
10244
10245
10246
10248
10249
10250
10252
10256
10257
10258
10260
10264
10272
10273
10274
10276
10280
10288
10304
10305
10306
10308
10312
10320
10336
10368
10369
10370
10372
10376
10384
10400
10432
10496
10497
10498
10500
10504
10512
10528
10560
10624
10752
10753
10754
10756
10760
10768
10784
10816
10880
11008
11264
11265
11266
11268
11272
11280
11296
11328
11392
11520
11776
12288
12289
12290
12291
12292
12293
12294
12296
12297
12298
12300
12304
12305
12306
12308
12312
12320
12321
12322
12324
12328
12336
12352
12353
12354
12356
12360
12368
12384
12416
12417
12418
12420
12424
12432
12448
12480
12544
12545
12546
12548
12552
12560
12576
12608
12672
12800
12801
12802
12804
12808
12816
12832
12864
12928
13056
13312
13313
13314
13316
13320
13328
13344
13376
13440
13568
13824
14336
14337
14338
14340
14344
14352
14368
14400
14464
14592
14848
15360
16384
16385
16386
16387
16388
16389
16390
16391
16392
16393
16394
16395
16396
16397
16398
16400
16401
16402
16403
16404
16405
16406
16408
16409
16410
16412
16416
16417
16418
16419
16420
16421
16422
16424
16425
16426
16428
16432
16433
16434
16436
16440
16448
16449
16450
16451
16452
16453
16454
16456
16457
16458
16460
16464
16465
16466
16468
16472
16480
16481
16482
16484
16488
16496
16512
16513
16514
16515
16516
16517
16518
16520
16521
16522
16524
16528
16529
16530
16532
16536
16544
16545
16546
16548
16552
16560
16576
16577
16578
16580
16584
16592
16608
16640
16641
16642
16643
16644
16645
16646
16648
16649
16650
16652
16656
16657
16658
16660
16664
16672
16673
16674
16676
16680
16688
16704
16705
16706
16708
16712
16720
16736
16768
16769
16770
16772
16776
16784
16800
16832
16896
16897
16898
16899
16900
16901
16902
16904
16905
16906
16908
16912
16913
16914
16916
16920
16928
16929
16930
16932
16936
16944
16960
16961
16962
16964
16968
16976
16992
17024
17025
17026
17028
17032
17040
17056
17088
17152
17153
17154
17156
17160
17168
17184
17216
17280
17408
17409
17410
17411
17412
17413
17414
17416
17417
17418
17420
17424
17425
17426
17428
17432
17440
17441
17442
17444
17448
17456
17472
17473
17474
17476
17480
17488
17504
17536
17537
17538
17540
17544
17552
17568
17600
17664
17665
17666
17668
17672
17680
17696
17728
17792
17920
17921
17922
17924
17928
17936
17952
17984
18048
18176
18432
18433
18434
18435
18436
18437
18438
18440
18441
18442
18444
18448
18449
18450
18452
18456
18464
18465
18466
18468
18472
18480
18496
18497
18498
18500
18504
18512
18528
18560
18561
18562
18564
18568
18576
18592
18624
18688
18689
18690
18692
18696
18704
18720
18752
18816
18944
18945
18946
18948
18952
18960
18976
19008
19072
19200
19456
19457
19458
19460
19464
19472
19488
19520
19584
19712
19968
20480
20481
20482
20483
20484
20485
20486
20488
20489
20490
20492
20496
20497
20498
20500
20504
20512
20513
20514
20516
20520
20528
20544
20545
20546
20548
20552
20560
20576
20608
20609
20610
20612
20616
20624
20640
20672
20736
20737
20738
20740
20744
20752
20768
20800
20864
20992
20993
20994
20996
21000
21008
21024
21056
21120
21248
21504
21505
21506
21508
21512
21520
21536
21568
21632
21760
22016
22528
22529
22530
22532
22536
22544
22560
22592
22656
22784
23040
23552
24576
24577
24578
24579
24580
24581
24582
24584
24585
24586
24588
24592
24593
24594
24596
24600
24608
24609
24610
24612
24616
24624
24640
24641
24642
24644
24648
24656
24672
24704
24705
24706
24708
24712
24720
24736
24768
24832
24833
24834
24836
24840
24848
24864
24896
24960
25088
25089
25090
25092
25096
25104
25120
25152
25216
25344
25600
25601
25602
25604
25608
25616
25632
25664
25728
25856
26112
26624
26625
26626
26628
26632
26640
26656
26688
26752
26880
27136
27648
28672
28673
28674
28676
28680
28688
28704
28736
28800
28928
29184
29696
30720
32768
32769
32770
32771
32772
32773
32774
32775
32776
32777
32778
32779
32780
32781
32782
32784
32785
32786
32787
32788
32789
32790
32792
32793
32794
32796
32800
32801
32802
32803
32804
32805
32806
32808
32809
32810
32812
32816
32817
32818
32820
32824
32832
32833
32834
32835
32836
32837
32838
32840
32841
32842
32844
32848
32849
32850
32852
32856
32864
32865
32866
32868
32872
32880
32896
32897
32898
32899
32900
32901
32902
32904
32905
32906
32908
32912
32913
32914
32916
32920
32928
32929
32930
32932
32936
32944
32960
32961
32962
32964
32968
32976
32992
33024
33025
33026
33027
33028
33029
33030
33032
33033
33034
33036
33040
33041
33042
33044
33048
33056
33057
33058
33060
33064
33072
33088
33089
33090
33092
33096
33104
33120
33152
33153
33154
33156
33160
33168
33184
33216
33280
33281
33282
33283
33284
33285
33286
33288
33289
33290
33292
33296
33297
33298
33300
33304
33312
33313
33314
33316
33320
33328
33344
33345
33346
33348
33352
33360
33376
33408
33409
33410
33412
33416
33424
33440
33472
33536
33537
33538
33540
33544
33552
33568
33600
33664
33792
33793
33794
33795
33796
33797
33798
33800
33801
33802
33804
33808
33809
33810
33812
33816
33824
33825
33826
33828
33832
33840
33856
33857
33858
33860
33864
33872
33888
33920
33921
33922
33924
33928
33936
33952
33984
34048
34049
34050
34052
34056
34064
34080
34112
34176
34304
34305
34306
34308
34312
34320
34336
34368
34432
34560
34816
34817
34818
34819
34820
34821
34822
34824
34825
34826
34828
34832
34833
34834
34836
34840
34848
34849
34850
34852
34856
34864
34880
34881
34882
34884
34888
34896
34912
34944
34945
34946
34948
34952
34960
34976
35008
35072
35073
35074
35076
35080
35088
35104
35136
35200
35328
35329
35330
35332
35336
35344
35360
35392
35456
35584
35840
35841
35842
35844
35848
35856
35872
35904
35968
36096
36352
36864
36865
36866
36867
36868
36869
36870
36872
36873
36874
36876
36880
36881
36882
36884
36888
36896
36897
36898
36900
36904
36912
36928
36929
36930
36932
36936
36944
36960
36992
36993
36994
36996
37000
37008
37024
37056
37120
37121
37122
37124
37128
37136
37152
37184
37248
37376
37377
37378
37380
37384
37392
37408
37440
37504
37632
37888
37889
37890
37892
37896
37904
37920
37952
38016
38144
38400
38912
38913
38914
38916
38920
38928
38944
38976
39040
39168
39424
39936
40960
40961
40962
40963
40964
40965
40966
40968
40969
40970
40972
40976
40977
40978
40980
40984
40992
40993
40994
40996
41000
41008
41024
41025
41026
41028
41032
41040
41056
41088
41089
41090
41092
41096
41104
41120
41152
41216
41217
41218
41220
41224
41232
41248
41280
41344
41472
41473
41474
41476
41480
41488
41504
41536
41600
41728
41984
41985
41986
41988
41992
42000
42016
42048
42112
42240
42496
43008
43009
43010
43012
43016
43024
43040
43072
43136
43264
43520
44032
45056
45057
45058
45060
45064
45072
45088
45120
45184
45312
45568
46080
47104
49152
49153
49154
49155
49156
49157
49158
49160
49161
49162
49164
49168
49169
49170
49172
49176
49184
49185
49186
49188
49192
49200
49216
49217
49218
49220
49224
49232
49248
49280
49281
49282
49284
49288
49296
49312
49344
49408
49409
49410
49412
49416
49424
49440
49472
49536
49664
49665
49666
49668
49672
49680
49696
49728
49792
49920
50176
50177
50178
50180
50184
50192
50208
50240
50304
50432
50688
51200
51201
51202
51204
51208
51216
51232
51264
51328
51456
51712
52224
53248
53249
53250
53252
53256
53264
53280
53312
53376
53504
53760
54272
55296
57344
57345
57346
57348
57352
57360
57376
57408
57472
57600
57856
58368
59392
61440
65536
65537
65538
65539
65540
65541
65542
65543
65544
65545
65546
65547
65548
65549
65550
65552
65553
65554
65555
65556
65557
65558
65560
65561
65562
65564
65568
65569
65570
65571
65572
65573
65574
65576
65577
65578
65580
65584
65585
65586
65588
65592
65600
65601
65602
65603
65604
65605
65606
65608
65609
65610
65612
65616
65617
65618
65620
65624
65632
65633
65634
65636
65640
65648
65664
65665
65666
65667
65668
65669
65670
65672
65673
65674
65676
65680
65681
65682
65684
65688
65696
65697
65698
65700
65704
65712
65728
65729
65730
65732
65736
65744
65760
65792
65793
65794
65795
65796
65797
65798
65800
65801
65802
65804
65808
65809
65810
65812
65816
65824
65825
65826
65828
65832
65840
65856
65857
65858
65860
65864
65872
65888
65920
65921
65922
65924
65928
65936
65952
65984
66048
66049
66050
66051
66052
66053
66054
66056
66057
66058
66060
66064
66065
66066
66068
66072
66080
66081
66082
66084
66088
66096
66112
66113
66114
66116
66120
66128
66144
66176
66177
66178
66180
66184
66192
66208
66240
66304
66305
66306
66308
66312
66320
66336
66368
66432
66560
66561
66562
66563
66564
66565
66566
66568
66569
66570
66572
66576
66577
66578
66580
66584
66592
66593
66594
66596
66600
66608
66624
66625
66626
66628
66632
66640
66656
66688
66689
66690
66692
66696
66704
66720
66752
66816
66817
66818
66820
66824
66832
66848
66880
66944
67072
67073
67074
67076
67080
67088
67104
67136
67200
67328
67584
67585
67586
67587
67588
67589
67590
67592
67593
67594
67596
67600
67601
67602
67604
67608
67616
67617
67618
67620
67624
67632
67648
67649
67650
67652
67656
67664
67680
67712
67713
67714
67716
67720
67728
67744
67776
67840
67841
67842
67844
67848
67856
67872
67904
67968
68096
68097
68098
68100
68104
68112
68128
68160
68224
68352
68608
68609
68610
68612
68616
68624
68640
68672
68736
68864
69120
69632
69633
69634
69635
69636
69637
69638
69640
69641
69642
69644
69648
69649
69650
69652
69656
69664
69665
69666
69668
69672
69680
69696
69697
69698
69700
69704
69712
69728
69760
69761
69762
69764
69768
69776
69792
69824
69888
69889
69890
69892
69896
69904
69920
69952
70016
70144
70145
70146
70148
70152
70160
70176
70208
70272
70400
70656
70657
70658
70660
70664
70672
70688
70720
70784
70912
71168
71680
71681
71682
71684
71688
71696
71712
71744
71808
71936
72192
72704
73728
73729
73730
73731
73732
73733
73734
73736
73737
73738
73740
73744
73745
73746
73748
73752
73760
73761
73762
73764
73768
73776
73792
73793
73794
73796
73800
73808
73824
73856
73857
73858
73860
73864
73872
73888
73920
73984
73985
73986
73988
73992
74000
74016
74048
74112
74240
74241
74242
74244
74248
74256
74272
74304
74368
74496
74752
74753
74754
74756
74760
74768
74784
74816
74880
75008
75264
75776
75777
75778
75780
75784
75792
75808
75840
75904
76032
76288
76800
77824
77825
77826
77828
77832
77840
77856
77888
77952
78080
78336
78848
79872
81920
81921
81922
81923
81924
81925
81926
81928
81929
81930
81932
81936
81937
81938
81940
81944
81952
81953
81954
81956
81960
81968
81984
81985
81986
81988
81992
82000
82016
82048
82049
82050
82052
82056
82064
82080
82112
82176
82177
82178
82180
82184
82192
82208
82240
82304
82432
82433
82434
82436
82440
82448
82464
82496
82560
82688
82944
82945
82946
82948
82952
82960
82976
83008
83072
83200
83456
83968
83969
83970
83972
83976
83984
84000
84032
84096
84224
84480
84992
86016
86017
86018
86020
86024
86032
86048
86080
86144
86272
86528
87040
88064
90112
90113
90114
90116
90120
90128
90144
90176
90240
90368
90624
91136
92160
94208
98304
98305
98306
98307
98308
98309
98310
98312
98313
98314
98316
98320
98321
98322
98324
98328
98336
98337
98338
98340
98344
98352
98368
98369
98370
98372
98376
98384
98400
98432
98433
98434
98436
98440
98448
98464
98496
98560
98561
98562
98564
98568
98576
98592
98624
98688
98816
98817
98818
98820
98824
98832
98848
98880
98944
99072
99328
99329
99330
99332
99336
99344
99360
99392
99456
99584
99840
100352
100353
100354
100356
100360
100368
100384
100416
100480
100608
100864
101376
102400
102401
102402
102404
102408
102416
102432
102464
102528
102656
102912
103424
104448
106496
106497
106498
106500
106504
106512
106528
106560
106624
106752
107008
107520
108544
110592
114688
114689
114690
114692
114696
114704
114720
114752
114816
114944
115200
115712
116736
118784
122880
131072
131073
131074
131075
131076
131077
131078
131079
131080
131081
131082
131083
131084
131085
131086
131088
131089
131090
131091
131092
131093
131094
131096
131097
131098
131100
131104
131105
131106
131107
131108
131109
131110
131112
131113
131114
131116
131120
131121
131122
131124
131128
131136
131137
131138
131139
131140
131141
131142
131144
131145
131146
131148
131152
131153
131154
131156
131160
131168
131169
131170
131172
131176
131184
131200
131201
131202
131203
131204
131205
131206
131208
131209
131210
131212
131216
131217
131218
131220
131224
131232
131233
131234
131236
131240
131248
131264
131265
131266
131268
131272
131280
131296
131328
131329
131330
131331
131332
131333
131334
131336
131337
131338
131340
131344
131345
131346
131348
131352
131360
131361
131362
131364
131368
131376
131392
131393
131394
131396
131400
131408
131424
131456
131457
131458
131460
131464
131472
131488
131520
131584
131585
131586
131587
131588
131589
131590
131592
131593
131594
131596
131600
131601
131602
131604
131608
131616
131617
131618
131620
131624
131632
131648
131649
131650
131652
131656
131664
131680
131712
131713
131714
131716
131720
131728
131744
131776
131840
131841
131842
131844
131848
131856
131872
131904
131968
132096
132097
132098
132099
132100
132101
132102
132104
132105
132106
132108
132112
132113
132114
132116
132120
132128
132129
132130
132132
132136
132144
132160
132161
132162
132164
132168
132176
132192
132224
132225
132226
132228
132232
132240
132256
132288
132352
132353
132354
132356
132360
132368
132384
132416
132480
132608
132609
132610
132612
132616
132624
132640
132672
132736
132864
133120
133121
133122
133123
133124
133125
133126
133128
133129
133130
133132
133136
133137
133138
133140
133144
133152
133153
133154
133156
133160
133168
133184
133185
133186
133188
133192
133200
133216
133248
133249
133250
133252
133256
133264
133280
133312
133376
133377
133378
133380
133384
133392
133408
133440
133504
133632
133633
133634
133636
133640
133648
133664
133696
133760
133888
134144
134145
134146
134148
134152
134160
134176
134208
134272
134400
134656
135168
135169
135170
135171
135172
135173
135174
135176
135177
135178
135180
135184
135185
135186
135188
135192
135200
135201
135202
135204
135208
135216
135232
135233
135234
135236
135240
135248
135264
135296
135297
135298
135300
135304
135312
135328
135360
135424
135425
135426
135428
135432
135440
135456
135488
135552
135680
135681
135682
135684
135688
135696
135712
135744
135808
135936
136192
136193
136194
136196
136200
136208
136224
136256
136320
136448
136704
137216
137217
137218
137220
137224
137232
137248
137280
137344
137472
137728
138240
139264
139265
139266
139267
139268
139269
139270
139272
139273
139274
139276
139280
139281
139282
139284
139288
139296
139297
139298
139300
139304
139312
139328
139329
139330
139332
139336
139344
139360
139392
139393
139394
139396
139400
139408
139424
139456
139520
139521
139522
139524
139528
139536
139552
139584
139648
139776
139777
139778
139780
139784
139792
139808
139840
139904
140032
140288
140289
140290
140292
140296
140304
140320
140352
140416
140544
140800
141312
141313
141314
141316
141320
141328
141344
141376
141440
141568
141824
142336
143360
143361
143362
143364
143368
143376
143392
143424
143488
143616
143872
144384
145408
147456
147457
147458
147459
147460
147461
147462
147464
147465
147466
147468
147472
147473
147474
147476
147480
147488
147489
147490
147492
147496
147504
147520
147521
147522
147524
147528
147536
147552
147584
147585
147586
147588
147592
147600
147616
147648
147712
147713
147714
147716
147720
147728
147744
147776
147840
147968
147969
147970
147972
147976
147984
148000
148032
148096
148224
148480
148481
148482
148484
148488
148496
148512
148544
148608
148736
148992
149504
149505
149506
149508
149512
149520
149536
149568
149632
149760
150016
150528
151552
151553
151554
151556
151560
151568
151584
151616
151680
151808
152064
152576
153600
155648
155649
155650
155652
155656
155664
155680
155712
155776
155904
156160
156672
157696
159744
163840
163841
163842
163843
163844
163845
163846
163848
163849
163850
163852
163856
163857
163858
163860
163864
163872
163873
163874
163876
163880
163888
163904
163905
163906
163908
163912
163920
163936
163968
163969
163970
163972
163976
163984
164000
164032
164096
164097
164098
164100
164104
164112
164128
164160
164224
164352
164353
164354
164356
164360
164368
164384
164416
164480
164608
164864
164865
164866
164868
164872
164880
164896
164928
164992
165120
165376
165888
165889
165890
165892
165896
165904
165920
165952
166016
166144
166400
166912
167936
167937
167938
167940
167944
167952
167968
168000
168064
168192
168448
168960
169984
172032
172033
172034
172036
172040
172048
172064
172096
172160
172288
172544
173056
174080
176128
180224
180225
180226
180228
180232
180240
180256
180288
180352
180480
180736
181248
182272
184320
188416
196608
196609
196610
196611
196612
196613
196614
196616
196617
196618
196620
196624
196625
196626
196628
196632
196640
196641
196642
196644
196648
196656
196672
196673
196674
196676
196680
196688
196704
196736
196737
196738
196740
196744
196752
196768
196800
196864
196865
196866
196868
196872
196880
196896
196928
196992
197120
197121
197122
197124
197128
197136
197152
197184
197248
197376
197632
197633
197634
197636
197640
197648
197664
197696
197760
197888
198144
198656
198657
198658
198660
198664
198672
198688
198720
198784
198912
199168
199680
200704
200705
200706
200708
200712
200720
200736
200768
200832
200960
201216
201728
202752
204800
204801
204802
204804
204808
204816
204832
204864
204928
205056
205312
205824
206848
208896
212992
212993
212994
212996
213000
213008
213024
213056
213120
213248
213504
214016
215040
217088
221184
229376
229377
229378
229380
229384
229392
229408
229440
229504
229632
229888
230400
231424
233472
237568
245760
262144
262145
262146
262147
262148
262149
262150
262151
262152
262153
262154
262155
262156
262157
262158
262160
262161
262162
262163
262164
262165
262166
262168
262169
262170
262172
262176
262177
262178
262179
262180
262181
262182
262184
262185
262186
262188
262192
262193
262194
262196
262200
262208
262209
262210
262211
262212
262213
262214
262216
262217
262218
262220
262224
262225
262226
262228
262232
262240
262241
262242
262244
262248
262256
262272
262273
262274
262275
262276
262277
262278
262280
262281
262282
262284
262288
262289
262290
262292
262296
262304
262305
262306
262308
262312
262320
262336
262337
262338
262340
262344
262352
262368
262400
262401
262402
262403
262404
262405
262406
262408
262409
262410
262412
262416
262417
262418
262420
262424
262432
262433
262434
262436
262440
262448
262464
262465
262466
262468
262472
262480
262496
262528
262529
262530
262532
262536
262544
262560
262592
262656
262657
262658
262659
262660
262661
262662
262664
262665
262666
262668
262672
262673
262674
262676
262680
262688
262689
262690
262692
262696
262704
262720
262721
262722
262724
262728
262736
262752
262784
262785
262786
262788
262792
262800
262816
262848
262912
262913
262914
262916
262920
262928
262944
262976
263040
263168
263169
263170
263171
263172
263173
263174
263176
263177
263178
263180
263184
263185
263186
263188
263192
263200
263201
263202
263204
263208
263216
263232
263233
263234
263236
263240
263248
263264
263296
263297
263298
263300
263304
263312
263328
263360
263424
263425
263426
263428
263432
263440
263456
263488
263552
263680
263681
263682
263684
263688
263696
263712
263744
263808
263936
264192
264193
264194
264195
264196
264197
264198
264200
264201
264202
264204
264208
264209
264210
264212
264216
264224
264225
264226
264228
264232
264240
264256
264257
264258
264260
264264
264272
264288
264320
264321
264322
264324
264328
264336
264352
264384
264448
264449
264450
264452
264456
264464
264480
264512
264576
264704
264705
264706
264708
264712
264720
264736
264768
264832
264960
265216
265217
265218
265220
265224
265232
265248
265280
265344
265472
265728
266240
266241
266242
266243
266244
266245
266246
266248
266249
266250
266252
266256
266257
266258
266260
266264
266272
266273
266274
266276
266280
266288
266304
266305
266306
266308
266312
266320
266336
266368
266369
266370
266372
266376
266384
266400
266432
266496
266497
266498
266500
266504
266512
266528
266560
266624
266752
266753
266754
266756
266760
266768
266784
266816
266880
267008
267264
267265
267266
267268
267272
267280
267296
267328
267392
267520
267776
268288
268289
268290
268292
268296
268304
268320
268352
268416
268544
268800
269312
270336
270337
270338
270339
270340
270341
270342
270344
270345
270346
270348
270352
270353
270354
270356
270360
270368
270369
270370
270372
270376
270384
270400
270401
270402
270404
270408
270416
270432
270464
270465
270466
270468
270472
270480
270496
270528
270592
270593
270594
270596
270600
270608
270624
270656
270720
270848
270849
270850
270852
270856
270864
270880
270912
270976
271104
271360
271361
271362
271364
271368
271376
271392
271424
271488
271616
271872
272384
272385
272386
272388
272392
272400
272416
272448
272512
272640
272896
273408
274432
274433
274434
274436
274440
274448
274464
274496
274560
274688
274944
275456
276480
278528
278529
278530
278531
278532
278533
278534
278536
278537
278538
278540
278544
278545
278546
278548
278552
278560
278561
278562
278564
278568
278576
278592
278593
278594
278596
278600
278608
278624
278656
278657
278658
278660
278664
278672
278688
278720
278784
278785
278786
278788
278792
278800
278816
278848
278912
279040
279041
279042
279044
279048
279056
279072
279104
279168
279296
279552
279553
279554
279556
279560
279568
279584
279616
279680
279808
280064
280576
280577
280578
280580
280584
280592
280608
280640
280704
280832
281088
281600
282624
282625
282626
282628
282632
282640
282656
282688
282752
282880
283136
283648
284672
286720
286721
286722
286724
286728
286736
286752
286784
286848
286976
287232
287744
288768
290816
294912
294913
294914
294915
294916
294917
294918
294920
294921
294922
294924
294928
294929
294930
294932
294936
294944
294945
294946
294948
294952
294960
294976
294977
294978
294980
294984
294992
295008
295040
295041
295042
295044
295048
295056
295072
295104
295168
295169
295170
295172
295176
295184
295200
295232
295296
295424
295425
295426
295428
295432
295440
295456
295488
295552
295680
295936
295937
295938
295940
295944
295952
295968
296000
296064
296192
296448
296960
296961
296962
296964
296968
296976
296992
297024
297088
297216
297472
297984
299008
299009
299010
299012
299016
299024
299040
299072
299136
299264
299520
300032
301056
303104
303105
303106
303108
303112
303120
303136
303168
303232
303360
303616
304128
305152
307200
311296
311297
311298
311300
311304
311312
311328
311360
311424
311552
311808
312320
313344
315392
319488
327680
327681
327682
327683
327684
327685
327686
327688
327689
327690
327692
327696
327697
327698
327700
327704
327712
327713
327714
327716
327720
327728
327744
327745
327746
327748
327752
327760
327776
327808
327809
327810
327812
327816
327824
327840
327872
327936
327937
327938
327940
327944
327952
327968
328000
328064
328192
328193
328194
328196
328200
328208
328224
328256
328320
328448
328704
328705
328706
328708
328712
328720
328736
328768
328832
328960
329216
329728
329729
329730
329732
329736
329744
329760
329792
329856
329984
330240
330752
331776
331777
331778
331780
331784
331792
331808
331840
331904
332032
332288
332800
333824
335872
335873
335874
335876
335880
335888
335904
335936
336000
336128
336384
336896
337920
339968
344064
344065
344066
344068
344072
344080
344096
344128
344192
344320
344576
345088
346112
348160
352256
360448
360449
360450
360452
360456
360464
360480
360512
360576
360704
360960
361472
362496
364544
368640
376832
393216
393217
393218
393219
393220
393221
393222
393224
393225
393226
393228
393232
393233
393234
393236
393240
393248
393249
393250
393252
393256
393264
393280
393281
393282
393284
393288
393296
393312
393344
393345
393346
393348
393352
393360
393376
393408
393472
393473
393474
393476
393480
393488
393504
393536
393600
393728
393729
393730
393732
393736
393744
393760
393792
393856
393984
394240
394241
394242
394244
394248
394256
394272
394304
394368
394496
394752
395264
395265
395266
395268
395272
395280
395296
395328
395392
395520
395776
396288
397312
397313
397314
397316
397320
397328
397344
397376
397440
397568
397824
398336
399360
401408
401409
401410
401412
401416
401424
401440
401472
401536
401664
401920
402432
403456
405504
409600
409601
409602
409604
409608
409616
409632
409664
409728
409856
410112
410624
411648
413696
417792
425984
425985
425986
425988
425992
426000
426016
426048
426112
426240
426496
427008
428032
430080
434176
442368
458752
458753
458754
458756
458760
458768
458784
458816
458880
459008
459264
459776
460800
462848
466944
475136
491520
524288
524289
524290
524291
524292
524293
524294
524295
524296
524297
524298
524299
524300
524301
524302
524304
524305
524306
524307
524308
524309
524310
524312
524313
524314
524316
524320
524321
524322
524323
524324
524325
524326
524328
524329
524330
524332
524336
524337
524338
524340
524344
524352
524353
524354
524355
524356
524357
524358
524360
524361
524362
524364
524368
524369
524370
524372
524376
524384
524385
524386
524388
524392
524400
524416
524417
524418
524419
524420
524421
524422
524424
524425
524426
524428
524432
524433
524434
524436
524440
524448
524449
524450
524452
524456
524464
524480
524481
524482
524484
524488
524496
524512
524544
524545
524546
524547
524548
524549
524550
524552
524553
524554
524556
524560
524561
524562
524564
524568
524576
524577
524578
524580
524584
524592
524608
524609
524610
524612
524616
524624
524640
524672
524673
524674
524676
524680
524688
524704
524736
524800
524801
524802
524803
524804
524805
524806
524808
524809
524810
524812
524816
524817
524818
524820
524824
524832
524833
524834
524836
524840
524848
524864
524865
524866
524868
524872
524880
524896
524928
524929
524930
524932
524936
524944
524960
524992
525056
525057
525058
525060
525064
525072
525088
525120
525184
525312
525313
525314
525315
525316
525317
525318
525320
525321
525322
525324
525328
525329
525330
525332
525336
525344
525345
525346
525348
525352
525360
525376
525377
525378
525380
525384
525392
525408
525440
525441
525442
525444
525448
525456
525472
525504
525568
525569
525570
525572
525576
525584
525600
525632
525696
525824
525825
525826
525828
525832
525840
525856
525888
525952
526080
526336
526337
526338
526339
526340
526341
526342
526344
526345
526346
526348
526352
526353
526354
526356
526360
526368
526369
526370
526372
526376
526384
526400
526401
526402
526404
526408
526416
526432
526464
526465
526466
526468
526472
526480
526496
526528
526592
526593
526594
526596
526600
526608
526624
526656
526720
526848
526849
526850
526852
526856
526864
526880
526912
526976
527104
527360
527361
527362
527364
527368
527376
527392
527424
527488
527616
527872
528384
528385
528386
528387
528388
528389
528390
528392
528393
528394
528396
528400
528401
528402
528404
528408
528416
528417
528418
528420
528424
528432
528448
528449
528450
528452
528456
528464
528480
528512
528513
528514
528516
528520
528528
528544
528576
528640
528641
528642
528644
528648
528656
528672
528704
528768
528896
528897
528898
528900
528904
528912
528928
528960
529024
529152
529408
529409
529410
529412
529416
529424
529440
529472
529536
529664
529920
530432
530433
530434
530436
530440
530448
530464
530496
530560
530688
530944
531456
532480
532481
532482
532483
532484
532485
532486
532488
532489
532490
532492
532496
532497
532498
532500
532504
532512
532513
532514
532516
532520
532528
532544
532545
532546
532548
532552
532560
532576
532608
532609
532610
532612
532616
532624
532640
532672
532736
532737
532738
532740
532744
532752
532768
532800
532864
532992
532993
532994
532996
533000
533008
533024
533056
533120
533248
533504
533505
533506
533508
533512
533520
533536
533568
533632
533760
534016
534528
534529
534530
534532
534536
534544
534560
534592
534656
534784
535040
535552
536576
536577
536578
536580
536584
536592
536608
536640
536704
536832
537088
537600
538624
540672
540673
540674
540675
540676
540677
540678
540680
540681
540682
540684
540688
540689
540690
540692
540696
540704
540705
540706
540708
540712
540720
540736
540737
540738
540740
540744
540752
540768
540800
540801
540802
540804
540808
540816
540832
540864
540928
540929
540930
540932
540936
540944
540960
540992
541056
541184
541185
541186
541188
541192
541200
541216
541248
541312
541440
541696
541697
541698
541700
541704
541712
541728
541760
541824
541952
542208
542720
542721
542722
542724
542728
542736
542752
542784
542848
542976
543232
543744
544768
544769
544770
544772
544776
544784
544800
544832
544896
545024
545280
545792
546816
548864
548865
548866
548868
548872
548880
548896
548928
548992
549120
549376
549888
550912
552960
557056
557057
557058
557059
557060
557061
557062
557064
557065
557066
557068
557072
557073
557074
557076
557080
557088
557089
557090
557092
557096
557104
557120
557121
557122
557124
557128
557136
557152
557184
557185
557186
557188
557192
557200
557216
557248
557312
557313
557314
557316
557320
557328
557344
557376
557440
557568
557569
557570
557572
557576
557584
557600
557632
557696
557824
558080
558081
558082
558084
558088
558096
558112
558144
558208
558336
558592
559104
559105
559106
559108
559112
559120
559136
559168
559232
559360
559616
560128
561152
561153
561154
561156
561160
561168
561184
561216
561280
561408
561664
562176
563200
565248
565249
565250
565252
565256
565264
565280
565312
565376
565504
565760
566272
567296
569344
573440
573441
573442
573444
573448
573456
573472
573504
573568
573696
573952
574464
575488
577536
581632
589824
589825
589826
589827
589828
589829
589830
589832
589833
589834
589836
589840
589841
589842
589844
589848
589856
589857
589858
589860
589864
589872
589888
589889
589890
589892
589896
589904
589920
589952
589953
589954
589956
589960
589968
589984
590016
590080
590081
590082
590084
590088
590096
590112
590144
590208
590336
590337
590338
590340
590344
590352
590368
590400
590464
590592
590848
590849
590850
590852
590856
590864
590880
590912
590976
591104
591360
591872
591873
591874
591876
591880
591888
591904
591936
592000
592128
592384
592896
593920
593921
593922
593924
593928
593936
593952
593984
594048
594176
594432
594944
595968
598016
598017
598018
598020
598024
598032
598048
598080
598144
598272
598528
599040
600064
602112
606208
606209
606210
606212
606216
606224
606240
606272
606336
606464
606720
607232
608256
610304
614400
622592
622593
622594
622596
622600
622608
622624
622656
622720
622848
623104
623616
624640
626688
630784
638976
655360
655361
655362
655363
655364
655365
655366
655368
655369
655370
655372
655376
655377
655378
655380
655384
655392
655393
655394
655396
655400
655408
655424
655425
655426
655428
655432
655440
655456
655488
655489
655490
655492
655496
655504
655520
655552
655616
655617
655618
655620
655624
655632
655648
655680
655744
655872
655873
655874
655876
655880
655888
655904
655936
656000
656128
656384
656385
656386
656388
656392
656400
656416
656448
656512
656640
656896
657408
657409
657410
657412
657416
657424
657440
657472
657536
657664
657920
658432
659456
659457
659458
659460
659464
659472
659488
659520
659584
659712
659968
660480
661504
663552
663553
663554
663556
663560
663568
663584
663616
663680
663808
664064
664576
665600
667648
671744
671745
671746
671748
671752
671760
671776
671808
671872
672000
672256
672768
673792
675840
679936
688128
688129
688130
688132
688136
688144
688160
688192
688256
688384
688640
689152
690176
692224
696320
704512
720896
720897
720898
720900
720904
720912
720928
720960
721024
721152
721408
721920
722944
724992
729088
737280
753664
786432
786433
786434
786435
786436
786437
786438
786440
786441
786442
786444
786448
786449
786450
786452
786456
786464
786465
786466
786468
786472
786480
786496
786497
786498
786500
786504
786512
786528
786560
786561
786562
786564
786568
786576
786592
786624
786688
786689
786690
786692
786696
786704
786720
786752
786816
786944
786945
786946
786948
786952
786960
786976
787008
787072
787200
787456
787457
787458
787460
787464
787472
787488
787520
787584
787712
787968
788480
788481
788482
788484
788488
788496
788512
788544
788608
788736
788992
789504
790528
790529
790530
790532
790536
790544
790560
790592
790656
790784
791040
791552
792576
794624
794625
794626
794628
794632
794640
794656
794688
794752
794880
795136
795648
796672
798720
802816
802817
802818
802820
802824
802832
802848
802880
802944
803072
803328
803840
804864
806912
811008
819200
819201
819202
819204
819208
819216
819232
819264
819328
819456
819712
820224
821248
823296
827392
835584
851968
851969
851970
851972
851976
851984
852000
852032
852096
852224
852480
852992
854016
856064
860160
868352
884736
917504
917505
917506
917508
917512
917520
917536
917568
917632
917760
918016
918528
919552
921600
925696
933888
950272
983040
1048576
1048577
1048578
1048579
1048580
1048581
1048582
1048583
1048584
1048585
1048586
1048587
1048588
1048589
1048590
1048592
1048593
1048594
1048595
1048596
1048597
1048598
1048600
1048601
1048602
1048604
1048608
1048609
1048610
1048611
1048612
1048613
1048614
1048616
1048617
1048618
1048620
1048624
1048625
1048626
1048628
1048632
1048640
1048641
1048642
1048643
1048644
1048645
1048646
1048648
1048649
1048650
1048652
1048656
1048657
1048658
1048660
1048664
1048672
1048673
1048674
1048676
1048680
1048688
1048704
1048705
1048706
1048707
1048708
1048709
1048710
1048712
1048713
1048714
1048716
1048720
1048721
1048722
1048724
1048728
1048736
1048737
1048738
1048740
1048744
1048752
1048768
1048769
1048770
1048772
1048776
1048784
1048800
1048832
1048833
1048834
1048835
1048836
1048837
1048838
1048840
1048841
1048842
1048844
1048848
1048849
1048850
1048852
1048856
1048864
1048865
1048866
1048868
1048872
1048880
1048896
1048897
1048898
1048900
1048904
1048912
1048928
1048960
1048961
1048962
1048964
1048968
1048976
1048992
1049024
1049088
1049089
1049090
1049091
1049092
1049093
1049094
1049096
1049097
1049098
1049100
1049104
1049105
1049106
1049108
1049112
1049120
1049121
1049122
1049124
1049128
1049136
1049152
1049153
1049154
1049156
1049160
1049168
1049184
1049216
1049217
1049218
1049220
1049224
1049232
1049248
1049280
1049344
1049345
1049346
1049348
1049352
1049360
1049376
1049408
1049472
1049600
1049601
1049602
1049603
1049604
1049605
1049606
1049608
1049609
1049610
1049612
1049616
1049617
1049618
1049620
1049624
1049632
1049633
1049634
1049636
1049640
1049648
1049664
1049665
1049666
1049668
1049672
1049680
1049696
1049728
1049729
1049730
1049732
1049736
1049744
1049760
1049792
1049856
1049857
1049858
1049860
1049864
1049872
1049888
1049920
1049984
1050112
1050113
1050114
1050116
1050120
1050128
1050144
1050176
1050240
1050368
1050624
1050625
1050626
1050627
1050628
1050629
1050630
1050632
1050633
1050634
1050636
1050640
1050641
1050642
1050644
1050648
1050656
1050657
1050658
1050660
1050664
1050672
1050688
1050689
1050690
1050692
1050696
1050704
1050720
1050752
1050753
1050754
1050756
1050760
1050768
1050784
1050816
1050880
1050881
1050882
1050884
1050888
1050896
1050912
1050944
1051008
1051136
1051137
1051138
1051140
1051144
1051152
1051168
1051200
1051264
1051392
1051648
1051649
1051650
1051652
1051656
1051664
1051680
1051712
1051776
1051904
1052160
1052672
1052673
1052674
1052675
1052676
1052677
1052678
1052680
1052681
1052682
1052684
1052688
1052689
1052690
1052692
1052696
1052704
1052705
1052706
1052708
1052712
1052720
1052736
1052737
1052738
1052740
1052744
1052752
1052768
1052800
1052801
1052802
1052804
1052808
1052816
1052832
1052864
1052928
1052929
1052930
1052932
1052936
1052944
1052960
1052992
1053056
1053184
1053185
1053186
1053188
1053192
1053200
1053216
1053248
1053312
1053440
1053696
1053697
1053698
1053700
1053704
1053712
1053728
1053760
1053824
1053952
1054208
1054720
1054721
1054722
1054724
1054728
1054736
1054752
1054784
1054848
1054976
1055232
1055744
1056768
1056769
1056770
1056771
1056772
1056773
1056774
1056776
1056777
1056778
1056780
1056784
1056785
1056786
1056788
1056792
1056800
1056801
1056802
1056804
1056808
1056816
1056832
1056833
1056834
1056836
1056840
1056848
1056864
1056896
1056897
1056898
1056900
1056904
1056912
1056928
1056960
1057024
1057025
1057026
1057028
1057032
1057040
1057056
1057088
1057152
1057280
1057281
1057282
1057284
1057288
1057296
1057312
1057344
1057408
1057536
1057792
1057793
1057794
1057796
1057800
1057808
1057824
1057856
1057920
1058048
1058304
1058816
1058817
1058818
1058820
1058824
1058832
1058848
1058880
1058944
1059072
1059328
1059840
1060864
1060865
1060866
1060868
1060872
1060880
1060896
1060928
1060992
1061120
1061376
1061888
1062912
1064960
1064961
1064962
1064963
1064964
1064965
1064966
1064968
1064969
1064970
1064972
1064976
1064977
1064978
1064980
1064984
1064992
1064993
1064994
1064996
1065000
1065008
1065024
1065025
1065026
1065028
1065032
1065040
1065056
1065088
1065089
1065090
1065092
1065096
1065104
1065120
1065152
1065216
1065217
1065218
1065220
1065224
1065232
1065248
1065280
1065344
1065472
1065473
1065474
1065476
1065480
1065488
1065504
1065536
1065600
1065728
1065984
1065985
1065986
1065988
1065992
1066000
1066016
1066048
1066112
1066240
1066496
1067008
1067009
1067010
1067012
1067016
1067024
1067040
1067072
1067136
1067264
1067520
1068032
1069056
1069057
1069058
1069060
1069064
1069072
1069088
1069120
1069184
1069312
1069568
1070080
1071104
1073152
1073153
1073154
1073156
1073160
1073168
1073184
1073216
1073280
1073408
1073664
1074176
1075200
1077248
1081344
1081345
1081346
1081347
1081348
1081349
1081350
1081352
1081353
1081354
1081356
1081360
1081361
1081362
1081364
1081368
1081376
1081377
1081378
1081380
1081384
1081392
1081408
1081409
1081410
1081412
1081416
1081424
1081440
1081472
1081473
1081474
1081476
1081480
1081488
1081504
1081536
1081600
1081601
1081602
1081604
1081608
1081616
1081632
1081664
1081728
1081856
1081857
1081858
1081860
1081864
1081872
1081888
1081920
1081984
1082112
1082368
1082369
1082370
1082372
1082376
1082384
1082400
1082432
1082496
1082624
1082880
1083392
1083393
1083394
1083396
1083400
1083408
1083424
1083456
1083520
1083648
1083904
1084416
1085440
1085441
1085442
1085444
1085448
1085456
1085472
1085504
1085568
1085696
1085952
1086464
1087488
1089536
1089537
1089538
1089540
1089544
1089552
1089568
1089600
1089664
1089792
1090048
1090560
1091584
1093632
1097728
1097729
1097730
1097732
1097736
1097744
1097760
1097792
1097856
1097984
1098240
1098752
1099776
1101824
1105920
1114112
1114113
1114114
1114115
1114116
1114117
1114118
1114120
1114121
1114122
1114124
1114128
1114129
1114130
1114132
1114136
1114144
1114145
1114146
1114148
1114152
1114160
1114176
1114177
1114178
1114180
1114184
1114192
1114208
1114240
1114241
1114242
1114244
1114248
1114256
1114272
1114304
1114368
1114369
1114370
1114372
1114376
1114384
1114400
1114432
1114496
1114624
1114625
1114626
1114628
1114632
1114640
1114656
1114688
1114752
1114880
1115136
1115137
1115138
1115140
1115144
1115152
1115168
1115200
1115264
1115392
1115648
1116160
1116161
1116162
1116164
1116168
1116176
1116192
1116224
1116288
1116416
1116672
1117184
1118208
1118209
1118210
1118212
1118216
1118224
1118240
1118272
1118336
1118464
1118720
1119232
1120256
1122304
1122305
1122306
1122308
1122312
1122320
1122336
1122368
1122432
1122560
1122816
1123328
1124352
1126400
1130496
1130497
1130498
1130500
1130504
1130512
1130528
1130560
1130624
1130752
1131008
1131520
1132544
1134592
1138688
1146880
1146881
1146882
1146884
1146888
1146896
1146912
1146944
1147008
1147136
1147392
1147904
1148928
1150976
1155072
1163264
1179648
1179649
1179650
1179651
1179652
1179653
1179654
1179656
1179657
1179658
1179660
1179664
1179665
1179666
1179668
1179672
1179680
1179681
1179682
1179684
1179688
1179696
1179712
1179713
1179714
1179716
1179720
1179728
1179744
1179776
1179777
1179778
1179780
1179784
1179792
1179808
1179840
1179904
1179905
1179906
1179908
1179912
1179920
1179936
1179968
1180032
1180160
1180161
1180162
1180164
1180168
1180176
1180192
1180224
1180288
1180416
1180672
1180673
1180674
1180676
1180680
1180688
1180704
1180736
1180800
1180928
1181184
1181696
1181697
1181698
1181700
1181704
1181712
1181728
1181760
1181824
1181952
1182208
1182720
1183744
1183745
1183746
1183748
1183752
1183760
1183776
1183808
1183872
1184000
1184256
1184768
1185792
1187840
1187841
1187842
1187844
1187848
1187856
1187872
1187904
1187968
1188096
1188352
1188864
1189888
1191936
1196032
1196033
1196034
1196036
1196040
1196048
1196064
1196096
1196160
1196288
1196544
1197056
1198080
1200128
1204224
1212416
1212417
1212418
1212420
1212424
1212432
1212448
1212480
1212544
1212672
1212928
1213440
1214464
1216512
1220608
1228800
1245184
1245185
1245186
1245188
1245192
1245200
1245216
1245248
1245312
1245440
1245696
1246208
1247232
1249280
1253376
1261568
1277952
1310720
1310721
1310722
1310723
1310724
1310725
1310726
1310728
1310729
1310730
1310732
1310736
1310737
1310738
1310740
1310744
1310752
1310753
1310754
1310756
1310760
1310768
1310784
1310785
1310786
1310788
1310792
1310800
1310816
1310848
1310849
1310850
1310852
1310856
1310864
1310880
1310912
1310976
1310977
1310978
1310980
1310984
1310992
1311008
1311040
1311104
1311232
1311233
1311234
1311236
1311240
1311248
1311264
1311296
1311360
1311488
1311744
1311745
1311746
1311748
1311752
1311760
1311776
1311808
1311872
1312000
1312256
1312768
1312769
1312770
1312772
1312776
1312784
1312800
1312832
1312896
1313024
1313280
1313792
1314816
1314817
1314818
1314820
1314824
1314832
1314848
1314880
1314944
1315072
1315328
1315840
1316864
1318912
1318913
1318914
1318916
1318920
1318928
1318944
1318976
1319040
1319168
1319424
1319936
1320960
1323008
1327104
1327105
1327106
1327108
1327112
1327120
1327136
1327168
1327232
1327360
1327616
1328128
1329152
1331200
1335296
1343488
1343489
1343490
1343492
1343496
1343504
1343520
1343552
1343616
1343744
1344000
1344512
1345536
1347584
1351680
1359872
1376256
1376257
1376258
1376260
1376264
1376272
1376288
1376320
1376384
1376512
1376768
1377280
1378304
1380352
1384448
1392640
1409024
1441792
1441793
1441794
1441796
1441800
1441808
1441824
1441856
1441920
1442048
1442304
1442816
1443840
1445888
1449984
1458176
1474560
1507328
1572864
1572865
1572866
1572867
1572868
1572869
1572870
1572872
1572873
1572874
1572876
1572880
1572881
1572882
1572884
1572888
1572896
1572897
1572898
1572900
1572904
1572912
1572928
1572929
1572930
1572932
1572936
1572944
1572960
1572992
1572993
1572994
1572996
1573000
1573008
1573024
1573056
1573120
1573121
1573122
1573124
1573128
1573136
1573152
1573184
1573248
1573376
1573377
1573378
1573380
1573384
1573392
1573408
1573440
1573504
1573632
1573888
1573889
1573890
1573892
1573896
1573904
1573920
1573952
1574016
1574144
1574400
1574912
1574913
1574914
1574916
1574920
1574928
1574944
1574976
1575040
1575168
1575424
1575936
1576960
1576961
1576962
1576964
1576968
1576976
1576992
1577024
1577088
1577216
1577472
1577984
1579008
1581056
1581057
1581058
1581060
1581064
1581072
1581088
1581120
1581184
1581312
1581568
1582080
1583104
1585152
1589248
1589249
1589250
1589252
1589256
1589264
1589280
1589312
1589376
1589504
1589760
1590272
1591296
1593344
1597440
1605632
1605633
1605634
1605636
1605640
1605648
1605664
1605696
1605760
1605888
1606144
1606656
1607680
1609728
1613824
1622016
1638400
1638401
1638402
1638404
1638408
1638416
1638432
1638464
1638528
1638656
1638912
1639424
1640448
1642496
1646592
1654784
1671168
1703936
1703937
1703938
1703940
1703944
1703952
1703968
1704000
1704064
1704192
1704448
1704960
1705984
1708032
1712128
1720320
1736704
1769472
1835008
1835009
1835010
1835012
1835016
1835024
1835040
1835072
1835136
1835264
1835520
1836032
1837056
1839104
1843200
1851392
1867776
1900544
1966080
2097152
2097153
2097154
2097155
2097156
2097157
2097158
2097159
2097160
2097161
2097162
2097163
2097164
2097165
2097166
2097168
2097169
2097170
2097171
2097172
2097173
2097174
2097176
2097177
2097178
2097180
2097184
2097185
2097186
2097187
2097188
2097189
2097190
2097192
2097193
2097194
2097196
2097200
2097201
2097202
2097204
2097208
2097216
2097217
2097218
2097219
2097220
2097221
2097222
2097224
2097225
2097226
2097228
2097232
2097233
2097234
2097236
2097240
2097248
2097249
2097250
2097252
2097256
2097264
2097280
2097281
2097282
2097283
2097284
2097285
2097286
2097288
2097289
2097290
2097292
2097296
2097297
2097298
2097300
2097304
2097312
2097313
2097314
2097316
2097320
2097328
2097344
2097345
2097346
2097348
2097352
2097360
2097376
2097408
2097409
2097410
2097411
2097412
2097413
2097414
2097416
2097417
2097418
2097420
2097424
2097425
2097426
2097428
2097432
2097440
2097441
2097442
2097444
2097448
2097456
2097472
2097473
2097474
2097476
2097480
2097488
2097504
2097536
2097537
2097538
2097540
2097544
2097552
2097568
2097600
2097664
2097665
2097666
2097667
2097668
2097669
2097670
2097672
2097673
2097674
2097676
2097680
2097681
2097682
2097684
2097688
2097696
2097697
2097698
2097700
2097704
2097712
2097728
2097729
2097730
2097732
2097736
2097744
2097760
2097792
2097793
2097794
2097796
2097800
2097808
2097824
2097856
2097920
2097921
2097922
2097924
2097928
2097936
2097952
2097984
2098048
2098176
2098177
2098178
2098179
2098180
2098181
2098182
2098184
2098185
2098186
2098188
2098192
2098193
2098194
2098196
2098200
2098208
2098209
2098210
2098212
2098216
2098224
2098240
2098241
2098242
2098244
2098248
2098256
2098272
2098304
2098305
2098306
2098308
2098312
2098320
2098336
2098368
2098432
2098433
2098434
2098436
2098440
2098448
2098464
2098496
2098560
2098688
2098689
2098690
2098692
2098696
2098704
2098720
2098752
2098816
2098944
2099200
2099201
2099202
2099203
2099204
2099205
2099206
2099208
2099209
2099210
2099212
2099216
2099217
2099218
2099220
2099224
2099232
2099233
2099234
2099236
2099240
2099248
2099264
2099265
2099266
2099268
2099272
2099280
2099296
2099328
2099329
2099330
2099332
2099336
2099344
2099360
2099392
2099456
2099457
2099458
2099460
2099464
2099472
2099488
2099520
2099584
2099712
2099713
2099714
2099716
2099720
2099728
2099744
2099776
2099840
2099968
2100224
2100225
2100226
2100228
2100232
2100240
2100256
2100288
2100352
2100480
2100736
2101248
2101249
2101250
2101251
2101252
2101253
2101254
2101256
2101257
2101258
2101260
2101264
2101265
2101266
2101268
2101272
2101280
2101281
2101282
2101284
2101288
2101296
2101312
2101313
2101314
2101316
2101320
2101328
2101344
2101376
2101377
2101378
2101380
2101384
2101392
2101408
2101440
2101504
2101505
2101506
2101508
2101512
2101520
2101536
2101568
2101632
2101760
2101761
2101762
2101764
2101768
2101776
2101792
2101824
2101888
2102016
2102272
2102273
2102274
2102276
2102280
2102288
2102304
2102336
2102400
2102528
2102784
2103296
2103297
2103298
2103300
2103304
2103312
2103328
2103360
2103424
2103552
2103808
2104320
2105344
2105345
2105346
2105347
2105348
2105349
2105350
2105352
2105353
2105354
2105356
2105360
2105361
2105362
2105364
2105368
2105376
2105377
2105378
2105380
2105384
2105392
2105408
2105409
2105410
2105412
2105416
2105424
2105440
2105472
2105473
2105474
2105476
2105480
2105488
2105504
2105536
2105600
2105601
2105602
2105604
2105608
2105616
2105632
2105664
2105728
2105856
2105857
2105858
2105860
2105864
2105872
2105888
2105920
2105984
2106112
2106368
2106369
2106370
2106372
2106376
2106384
2106400
2106432
2106496
2106624
2106880
2107392
2107393
2107394
2107396
2107400
2107408
2107424
2107456
2107520
2107648
2107904
2108416
2109440
2109441
2109442
2109444
2109448
2109456
2109472
2109504
2109568
2109696
2109952
2110464
2111488
2113536
2113537
2113538
2113539
2113540
2113541
2113542
2113544
2113545
2113546
2113548
2113552
2113553
2113554
2113556
2113560
2113568
2113569
2113570
2113572
2113576
2113584
2113600
2113601
2113602
2113604
2113608
2113616
2113632
2113664
2113665
2113666
2113668
2113672
2113680
2113696
2113728
2113792
2113793
2113794
2113796
2113800
2113808
2113824
2113856
2113920
2114048
2114049
2114050
2114052
2114056
2114064
2114080
2114112
2114176
2114304
2114560
2114561
2114562
2114564
2114568
2114576
2114592
2114624
2114688
2114816
2115072
2115584
2115585
2115586
2115588
2115592
2115600
2115616
2115648
2115712
2115840
2116096
2116608
2117632
2117633
2117634
2117636
2117640
2117648
2117664
2117696
2117760
2117888
2118144
2118656
2119680
2121728
2121729
2121730
2121732
2121736
2121744
2121760
2121792
2121856
2121984
2122240
2122752
2123776
2125824
2129920
2129921
2129922
2129923
2129924
2129925
2129926
2129928
2129929
2129930
2129932
2129936
2129937
2129938
2129940
2129944
2129952
2129953
2129954
2129956
2129960
2129968
2129984
2129985
2129986
2129988
2129992
2130000
2130016
2130048
2130049
2130050
2130052
2130056
2130064
2130080
2130112
2130176
2130177
2130178
2130180
2130184
2130192
2130208
2130240
2130304
2130432
2130433
2130434
2130436
2130440
2130448
2130464
2130496
2130560
2130688
2130944
2130945
2130946
2130948
2130952
2130960
2130976
2131008
2131072
2131200
2131456
2131968
2131969
2131970
2131972
2131976
2131984
2132000
2132032
2132096
2132224
2132480
2132992
2134016
2134017
2134018
2134020
2134024
2134032
2134048
2134080
2134144
2134272
2134528
2135040
2136064
2138112
2138113
2138114
2138116
2138120
2138128
2138144
2138176
2138240
2138368
2138624
2139136
2140160
2142208
2146304
2146305
2146306
2146308
2146312
2146320
2146336
2146368
2146432
2146560
2146816
2147328
2148352
2150400
2154496
2162688
2162689
2162690
2162691
2162692
2162693
2162694
2162696
2162697
2162698
2162700
2162704
2162705
2162706
2162708
2162712
2162720
2162721
2162722
2162724
2162728
2162736
2162752
2162753
2162754
2162756
2162760
2162768
2162784
2162816
2162817
2162818
2162820
2162824
2162832
2162848
2162880
2162944
2162945
2162946
2162948
2162952
2162960
2162976
2163008
2163072
2163200
2163201
2163202
2163204
2163208
2163216
2163232
2163264
2163328
2163456
2163712
2163713
2163714
2163716
2163720
2163728
2163744
2163776
2163840
2163968
2164224
2164736
2164737
2164738
2164740
2164744
2164752
2164768
2164800
2164864
2164992
2165248
2165760
2166784
2166785
2166786
2166788
2166792
2166800
2166816
2166848
2166912
2167040
2167296
2167808
2168832
2170880
2170881
2170882
2170884
2170888
2170896
2170912
2170944
2171008
2171136
2171392
2171904
2172928
2174976
2179072
2179073
2179074
2179076
2179080
2179088
2179104
2179136
2179200
2179328
2179584
2180096
2181120
2183168
2187264
2195456
2195457
2195458
2195460
2195464
2195472
2195488
2195520
2195584
2195712
2195968
2196480
2197504
2199552
2203648
2211840
2228224
2228225
2228226
2228227
2228228
2228229
2228230
2228232
2228233
2228234
2228236
2228240
2228241
2228242
2228244
2228248
2228256
2228257
2228258
2228260
2228264
2228272
2228288
2228289
2228290
2228292
2228296
2228304
2228320
2228352
2228353
2228354
2228356
2228360
2228368
2228384
2228416
2228480
2228481
2228482
2228484
2228488
2228496
2228512
2228544
2228608
2228736
2228737
2228738
2228740
2228744
2228752
2228768
2228800
2228864
2228992
2229248
2229249
2229250
2229252
2229256
2229264
2229280
2229312
2229376
2229504
2229760
2230272
2230273
2230274
2230276
2230280
2230288
2230304
2230336
2230400
2230528
2230784
2231296
2232320
2232321
2232322
2232324
2232328
2232336
2232352
2232384
2232448
2232576
2232832
2233344
2234368
2236416
2236417
2236418
2236420
2236424
2236432
2236448
2236480
2236544
2236672
2236928
2237440
2238464
2240512
2244608
2244609
2244610
2244612
2244616
2244624
2244640
2244672
2244736
2244864
2245120
2245632
2246656
2248704
2252800
2260992
2260993
2260994
2260996
2261000
2261008
2261024
2261056
2261120
2261248
2261504
2262016
2263040
2265088
2269184
2277376
2293760
2293761
2293762
2293764
2293768
2293776
2293792
2293824
2293888
2294016
2294272
2294784
2295808
2297856
2301952
2310144
2326528
2359296
2359297
2359298
2359299
2359300
2359301
2359302
2359304
2359305
2359306
2359308
2359312
2359313
2359314
2359316
2359320
2359328
2359329
2359330
2359332
2359336
2359344
2359360
2359361
2359362
2359364
2359368
2359376
2359392
2359424
2359425
2359426
2359428
2359432
2359440
2359456
2359488
2359552
2359553
2359554
2359556
2359560
2359568
2359584
2359616
2359680
2359808
2359809
2359810
2359812
2359816
2359824
2359840
2359872
2359936
2360064
2360320
2360321
2360322
2360324
2360328
2360336
2360352
2360384
2360448
2360576
2360832
2361344
2361345
2361346
2361348
2361352
2361360
2361376
2361408
2361472
2361600
2361856
2362368
2363392
2363393
2363394
2363396
2363400
2363408
2363424
2363456
2363520
2363648
2363904
2364416
2365440
2367488
2367489
2367490
2367492
2367496
2367504
2367520
2367552
2367616
2367744
2368000
2368512
2369536
2371584
2375680
2375681
2375682
2375684
2375688
2375696
2375712
2375744
2375808
2375936
2376192
2376704
2377728
2379776
2383872
2392064
2392065
2392066
2392068
2392072
2392080
2392096
2392128
2392192
2392320
2392576
2393088
2394112
2396160
2400256
2408448
2424832
2424833
2424834
2424836
2424840
2424848
2424864
2424896
2424960
2425088
2425344
2425856
2426880
2428928
2433024
2441216
2457600
2490368
2490369
2490370
2490372
2490376
2490384
2490400
2490432
2490496
2490624
2490880
2491392
2492416
2494464
2498560
2506752
2523136
2555904
2621440
2621441
2621442
2621443
2621444
2621445
2621446
2621448
2621449
2621450
2621452
2621456
2621457
2621458
2621460
2621464
2621472
2621473
2621474
2621476
2621480
2621488
2621504
2621505
2621506
2621508
2621512
2621520
2621536
2621568
2621569
2621570
2621572
2621576
2621584
2621600
2621632
2621696
2621697
2621698
2621700
2621704
2621712
2621728
2621760
2621824
2621952
2621953
2621954
2621956
2621960
2621968
2621984
2622016
2622080
2622208
2622464
2622465
2622466
2622468
2622472
2622480
2622496
2622528
2622592
2622720
2622976
2623488
2623489
2623490
2623492
2623496
2623504
2623520
2623552
2623616
2623744
2624000
2624512
2625536
2625537
2625538
2625540
2625544
2625552
2625568
2625600
2625664
2625792
2626048
2626560
2627584
2629632
2629633
2629634
2629636
2629640
2629648
2629664
2629696
2629760
2629888
2630144
2630656
2631680
2633728
2637824
2637825
2637826
2637828
2637832
2637840
2637856
2637888
2637952
2638080
2638336
2638848
2639872
2641920
2646016
2654208
2654209
2654210
2654212
2654216
2654224
2654240
2654272
2654336
2654464
2654720
2655232
2656256
2658304
2662400
2670592
2686976
2686977
2686978
2686980
2686984
2686992
2687008
2687040
2687104
2687232
2687488
2688000
2689024
2691072
2695168
2703360
2719744
2752512
2752513
2752514
2752516
2752520
2752528
2752544
2752576
2752640
2752768
2753024
2753536
2754560
2756608
2760704
2768896
2785280
2818048
2883584
2883585
2883586
2883588
2883592
2883600
2883616
2883648
2883712
2883840
2884096
2884608
2885632
2887680
2891776
2899968
2916352
2949120
3014656
3145728
3145729
3145730
3145731
3145732
3145733
3145734
3145736
3145737
3145738
3145740
3145744
3145745
3145746
3145748
3145752
3145760
3145761
3145762
3145764
3145768
3145776
3145792
3145793
3145794
3145796
3145800
3145808
3145824
3145856
3145857
3145858
3145860
3145864
3145872
3145888
3145920
3145984
3145985
3145986
3145988
3145992
3146000
3146016
3146048
3146112
3146240
3146241
3146242
3146244
3146248
3146256
3146272
3146304
3146368
3146496
3146752
3146753
3146754
3146756
3146760
3146768
3146784
3146816
3146880
3147008
3147264
3147776
3147777
3147778
3147780
3147784
3147792
3147808
3147840
3147904
3148032
3148288
3148800
3149824
3149825
3149826
3149828
3149832
3149840
3149856
3149888
3149952
3150080
3150336
3150848
3151872
3153920
3153921
3153922
3153924
3153928
3153936
3153952
3153984
3154048
3154176
3154432
3154944
3155968
3158016
3162112
3162113
3162114
3162116
3162120
3162128
3162144
3162176
3162240
3162368
3162624
3163136
3164160
3166208
3170304
3178496
3178497
3178498
3178500
3178504
3178512
3178528
3178560
3178624
3178752
3179008
3179520
3180544
3182592
3186688
3194880
3211264
3211265
3211266
3211268
3211272
3211280
3211296
3211328
3211392
3211520
3211776
3212288
3213312
3215360
3219456
3227648
3244032
3276800
3276801
3276802
3276804
3276808
3276816
3276832
3276864
3276928
3277056
3277312
3277824
3278848
3280896
3284992
3293184
3309568
3342336
3407872
3407873
3407874
3407876
3407880
3407888
3407904
3407936
3408000
3408128
3408384
3408896
3409920
3411968
3416064
3424256
3440640
3473408
3538944
3670016
3670017
3670018
3670020
3670024
3670032
3670048
3670080
3670144
3670272
3670528
3671040
3672064
3674112
3678208
3686400
3702784
3735552
3801088
3932160
4194304
4194305
4194306
4194307
4194308
4194309
4194310
4194311
4194312
4194313
4194314
4194315
4194316
4194317
4194318
4194320
4194321
4194322
4194323
4194324
4194325
4194326
4194328
4194329
4194330
4194332
4194336
4194337
4194338
4194339
4194340
4194341
4194342
4194344
4194345
4194346
4194348
4194352
4194353
4194354
4194356
4194360
4194368
4194369
4194370
4194371
4194372
4194373
4194374
4194376
4194377
4194378
4194380
4194384
4194385
4194386
4194388
4194392
4194400
4194401
4194402
4194404
4194408
4194416
4194432
4194433
4194434
4194435
4194436
4194437
4194438
4194440
4194441
4194442
4194444
4194448
4194449
4194450
4194452
4194456
4194464
4194465
4194466
4194468
4194472
4194480
4194496
4194497
4194498
4194500
4194504
4194512
4194528
4194560
4194561
4194562
4194563
4194564
4194565
4194566
4194568
4194569
4194570
4194572
4194576
4194577
4194578
4194580
4194584
4194592
4194593
4194594
4194596
4194600
4194608
4194624
4194625
4194626
4194628
4194632
4194640
4194656
4194688
4194689
4194690
4194692
4194696
4194704
4194720
4194752
4194816
4194817
4194818
4194819
4194820
4194821
4194822
4194824
4194825
4194826
4194828
4194832
4194833
4194834
4194836
4194840
4194848
4194849
4194850
4194852
4194856
4194864
4194880
4194881
4194882
4194884
4194888
4194896
4194912
4194944
4194945
4194946
4194948
4194952
4194960
4194976
4195008
4195072
4195073
4195074
4195076
4195080
4195088
4195104
4195136
4195200
4195328
4195329
4195330
4195331
4195332
4195333
4195334
4195336
4195337
4195338
4195340
4195344
4195345
4195346
4195348
4195352
4195360
4195361
4195362
4195364
4195368
4195376
4195392
4195393
4195394
4195396
4195400
4195408
4195424
4195456
4195457
4195458
4195460
4195464
4195472
4195488
4195520
4195584
4195585
4195586
4195588
4195592
4195600
4195616
4195648
4195712
4195840
4195841
4195842
4195844
4195848
4195856
4195872
4195904
4195968
4196096
4196352
4196353
4196354
4196355
4196356
4196357
4196358
4196360
4196361
4196362
4196364
4196368
4196369
4196370
4196372
4196376
4196384
4196385
4196386
4196388
4196392
4196400
4196416
4196417
4196418
4196420
4196424
4196432
4196448
4196480
4196481
4196482
4196484
4196488
4196496
4196512
4196544
4196608
4196609
4196610
4196612
4196616
4196624
4196640
4196672
4196736
4196864
4196865
4196866
4196868
4196872
4196880
4196896
4196928
4196992
4197120
4197376
4197377
4197378
4197380
4197384
4197392
4197408
4197440
4197504
4197632
4197888
4198400
4198401
4198402
4198403
4198404
4198405
4198406
4198408
4198409
4198410
4198412
4198416
4198417
4198418
4198420
4198424
4198432
4198433
4198434
4198436
4198440
4198448
4198464
4198465
4198466
4198468
4198472
4198480
4198496
4198528
4198529
4198530
4198532
4198536
4198544
4198560
4198592
4198656
4198657
4198658
4198660
4198664
4198672
4198688
4198720
4198784
4198912
4198913
4198914
4198916
4198920
4198928
4198944
4198976
4199040
4199168
4199424
4199425
4199426
4199428
4199432
4199440
4199456
4199488
4199552
4199680
4199936
4200448
4200449
4200450
4200452
4200456
4200464
4200480
4200512
4200576
4200704
4200960
4201472
4202496
4202497
4202498
4202499
4202500
4202501
4202502
4202504
4202505
4202506
4202508
4202512
4202513
4202514
4202516
4202520
4202528
4202529
4202530
4202532
4202536
4202544
4202560
4202561
4202562
4202564
4202568
4202576
4202592
4202624
4202625
4202626
4202628
4202632
4202640
4202656
4202688
4202752
4202753
4202754
4202756
4202760
4202768
4202784
4202816
4202880
4203008
4203009
4203010
4203012
4203016
4203024
4203040
4203072
4203136
4203264
4203520
4203521
4203522
4203524
4203528
4203536
4203552
4203584
4203648
4203776
4204032
4204544
4204545
4204546
4204548
4204552
4204560
4204576
4204608
4204672
4204800
4205056
4205568
4206592
4206593
4206594
4206596
4206600
4206608
4206624
4206656
4206720
4206848
4207104
4207616
4208640
4210688
4210689
4210690
4210691
4210692
4210693
4210694
4210696
4210697
4210698
4210700
4210704
4210705
4210706
4210708
4210712
4210720
4210721
4210722
4210724
4210728
4210736
4210752
4210753
4210754
4210756
4210760
4210768
4210784
4210816
4210817
4210818
4210820
4210824
4210832
4210848
4210880
4210944
4210945
4210946
4210948
4210952
4210960
4210976
4211008
4211072
4211200
4211201
4211202
4211204
4211208
4211216
4211232
4211264
4211328
4211456
4211712
4211713
4211714
4211716
4211720
4211728
4211744
4211776
4211840
4211968
4212224
4212736
4212737
4212738
4212740
4212744
4212752
4212768
4212800
4212864
4212992
4213248
4213760
4214784
4214785
4214786
4214788
4214792
4214800
4214816
4214848
4214912
4215040
4215296
4215808
4216832
4218880
4218881
4218882
4218884
4218888
4218896
4218912
4218944
4219008
4219136
4219392
4219904
4220928
4222976
4227072
4227073
4227074
4227075
4227076
4227077
4227078
4227080
4227081
4227082
4227084
4227088
4227089
4227090
4227092
4227096
4227104
4227105
4227106
4227108
4227112
4227120
4227136
4227137
4227138
4227140
4227144
4227152
4227168
4227200
4227201
4227202
4227204
4227208
4227216
4227232
4227264
4227328
4227329
4227330
4227332
4227336
4227344
4227360
4227392
4227456
4227584
4227585
4227586
4227588
4227592
4227600
4227616
4227648
4227712
4227840
4228096
4228097
4228098
4228100
4228104
4228112
4228128
4228160
4228224
4228352
4228608
4229120
4229121
4229122
4229124
4229128
4229136
4229152
4229184
4229248
4229376
4229632
4230144
4231168
4231169
4231170
4231172
4231176
4231184
4231200
4231232
4231296
4231424
4231680
4232192
4233216
4235264
4235265
4235266
4235268
4235272
4235280
4235296
4235328
4235392
4235520
4235776
4236288
4237312
4239360
4243456
4243457
4243458
4243460
4243464
4243472
4243488
4243520
4243584
4243712
4243968
4244480
4245504
4247552
4251648
4259840
4259841
4259842
4259843
4259844
4259845
4259846
4259848
4259849
4259850
4259852
4259856
4259857
4259858
4259860
4259864
4259872
4259873
4259874
4259876
4259880
4259888
4259904
4259905
4259906
4259908
4259912
4259920
4259936
4259968
4259969
4259970
4259972
4259976
4259984
4260000
4260032
4260096
4260097
4260098
4260100
4260104
4260112
4260128
4260160
4260224
4260352
4260353
4260354
4260356
4260360
4260368
4260384
4260416
4260480
4260608
4260864
4260865
4260866
4260868
4260872
4260880
4260896
4260928
4260992
4261120
4261376
4261888
4261889
4261890
4261892
4261896
4261904
4261920
4261952
4262016
4262144
4262400
4262912
4263936
4263937
4263938
4263940
4263944
4263952
4263968
4264000
4264064
4264192
4264448
4264960
4265984
4268032
4268033
4268034
4268036
4268040
4268048
4268064
4268096
4268160
4268288
4268544
4269056
4270080
4272128
4276224
4276225
4276226
4276228
4276232
4276240
4276256
4276288
4276352
4276480
4276736
4277248
4278272
4280320
4284416
4292608
4292609
4292610
4292612
4292616
4292624
4292640
4292672
4292736
4292864
4293120
4293632
4294656
4296704
4300800
4308992
4325376
4325377
4325378
4325379
4325380
4325381
4325382
4325384
4325385
4325386
4325388
4325392
4325393
4325394
4325396
4325400
4325408
4325409
4325410
4325412
4325416
4325424
4325440
4325441
4325442
4325444
4325448
4325456
4325472
4325504
4325505
4325506
4325508
4325512
4325520
4325536
4325568
4325632
4325633
4325634
4325636
4325640
4325648
4325664
4325696
4325760
4325888
4325889
4325890
4325892
4325896
4325904
4325920
4325952
4326016
4326144
4326400
4326401
4326402
4326404
4326408
4326416
4326432
4326464
4326528
4326656
4326912
4327424
4327425
4327426
4327428
4327432
4327440
4327456
4327488
4327552
4327680
4327936
4328448
4329472
4329473
4329474
4329476
4329480
4329488
4329504
4329536
4329600
4329728
4329984
4330496
4331520
4333568
4333569
4333570
4333572
4333576
4333584
4333600
4333632
4333696
4333824
4334080
4334592
4335616
4337664
4341760
4341761
4341762
4341764
4341768
4341776
4341792
4341824
4341888
4342016
4342272
4342784
4343808
4345856
4349952
4358144
4358145
4358146
4358148
4358152
4358160
4358176
4358208
4358272
4358400
4358656
4359168
4360192
4362240
4366336
4374528
4390912
4390913
4390914
4390916
4390920
4390928
4390944
4390976
4391040
4391168
4391424
4391936
4392960
4395008
4399104
4407296
4423680
4456448
4456449
4456450
4456451
4456452
4456453
4456454
4456456
4456457
4456458
4456460
4456464
4456465
4456466
4456468
4456472
4456480
4456481
4456482
4456484
4456488
4456496
4456512
4456513
4456514
4456516
4456520
4456528
4456544
4456576
4456577
4456578
4456580
4456584
4456592
4456608
4456640
4456704
4456705
4456706
4456708
4456712
4456720
4456736
4456768
4456832
4456960
4456961
4456962
4456964
4456968
4456976
4456992
4457024
4457088
4457216
4457472
4457473
4457474
4457476
4457480
4457488
4457504
4457536
4457600
4457728
4457984
4458496
4458497
4458498
4458500
4458504
4458512
4458528
4458560
4458624
4458752
4459008
4459520
4460544
4460545
4460546
4460548
4460552
4460560
4460576
4460608
4460672
4460800
4461056
4461568
4462592
4464640
4464641
4464642
4464644
4464648
4464656
4464672
4464704
4464768
4464896
4465152
4465664
4466688
4468736
4472832
4472833
4472834
4472836
4472840
4472848
4472864
4472896
4472960
4473088
4473344
4473856
4474880
4476928
4481024
4489216
4489217
4489218
4489220
4489224
4489232
4489248
4489280
4489344
4489472
4489728
4490240
4491264
4493312
4497408
4505600
4521984
4521985
4521986
4521988
4521992
4522000
4522016
4522048
4522112
4522240
4522496
4523008
4524032
4526080
4530176
4538368
4554752
4587520
4587521
4587522
4587524
4587528
4587536
4587552
4587584
4587648
4587776
4588032
4588544
4589568
4591616
4595712
4603904
4620288
4653056
4718592
4718593
4718594
4718595
4718596
4718597
4718598
4718600
4718601
4718602
4718604
4718608
4718609
4718610
4718612
4718616
4718624
4718625
4718626
4718628
4718632
4718640
4718656
4718657
4718658
4718660
4718664
4718672
4718688
4718720
4718721
4718722
4718724
4718728
4718736
4718752
4718784
4718848
4718849
4718850
4718852
4718856
4718864
4718880
4718912
4718976
4719104
4719105
4719106
4719108
4719112
4719120
4719136
4719168
4719232
4719360
4719616
4719617
4719618
4719620
4719624
4719632
4719648
4719680
4719744
4719872
4720128
4720640
4720641
4720642
4720644
4720648
4720656
4720672
4720704
4720768
4720896
4721152
4721664
4722688
4722689
4722690
4722692
4722696
4722704
4722720
4722752
4722816
4722944
4723200
4723712
4724736
4726784
4726785
4726786
4726788
4726792
4726800
4726816
4726848
4726912
4727040
4727296
4727808
4728832
4730880
4734976
4734977
4734978
4734980
4734984
4734992
4735008
4735040
4735104
4735232
4735488
4736000
4737024
4739072
4743168
4751360
4751361
4751362
4751364
4751368
4751376
4751392
4751424
4751488
4751616
4751872
4752384
4753408
4755456
4759552
4767744
4784128
4784129
4784130
4784132
4784136
4784144
4784160
4784192
4784256
4784384
4784640
4785152
4786176
4788224
4792320
4800512
4816896
4849664
4849665
4849666
4849668
4849672
4849680
4849696
4849728
4849792
4849920
4850176
4850688
4851712
4853760
4857856
4866048
4882432
4915200
4980736
4980737
4980738
4980740
4980744
4980752
4980768
4980800
4980864
4980992
4981248
4981760
4982784
4984832
4988928
4997120
5013504
5046272
5111808
5242880
5242881
5242882
5242883
5242884
5242885
5242886
5242888
5242889
5242890
5242892
5242896
5242897
5242898
5242900
5242904
5242912
5242913
5242914
5242916
5242920
5242928
5242944
5242945
5242946
5242948
5242952
5242960
5242976
5243008
5243009
5243010
5243012
5243016
5243024
5243040
5243072
5243136
5243137
5243138
5243140
5243144
5243152
5243168
5243200
5243264
5243392
5243393
5243394
5243396
5243400
5243408
5243424
5243456
5243520
5243648
5243904
5243905
5243906
5243908
5243912
5243920
5243936
5243968
5244032
5244160
5244416
5244928
5244929
5244930
5244932
5244936
5244944
5244960
5244992
5245056
5245184
5245440
5245952
5246976
5246977
5246978
5246980
5246984
5246992
5247008
5247040
5247104
5247232
5247488
5248000
5249024
5251072
5251073
5251074
5251076
5251080
5251088
5251104
5251136
5251200
5251328
5251584
5252096
5253120
5255168
5259264
5259265
5259266
5259268
5259272
5259280
5259296
5259328
5259392
5259520
5259776
5260288
5261312
5263360
5267456
5275648
5275649
5275650
5275652
5275656
5275664
5275680
5275712
5275776
5275904
5276160
5276672
5277696
5279744
5283840
5292032
5308416
5308417
5308418
5308420
5308424
5308432
5308448
5308480
5308544
5308672
5308928
5309440
5310464
5312512
5316608
5324800
5341184
5373952
5373953
5373954
5373956
5373960
5373968
5373984
5374016
5374080
5374208
5374464
5374976
5376000
5378048
5382144
5390336
5406720
5439488
5505024
5505025
5505026
5505028
5505032
5505040
5505056
5505088
5505152
5505280
5505536
5506048
5507072
5509120
5513216
5521408
5537792
5570560
5636096
5767168
5767169
5767170
5767172
5767176
5767184
5767200
5767232
5767296
5767424
5767680
5768192
5769216
5771264
5775360
5783552
5799936
5832704
5898240
6029312
6291456
6291457
6291458
6291459
6291460
6291461
6291462
6291464
6291465
6291466
6291468
6291472
6291473
6291474
6291476
6291480
6291488
6291489
6291490
6291492
6291496
6291504
6291520
6291521
6291522
6291524
6291528
6291536
6291552
6291584
6291585
6291586
6291588
6291592
6291600
6291616
6291648
6291712
6291713
6291714
6291716
6291720
6291728
6291744
6291776
6291840
6291968
6291969
6291970
6291972
6291976
6291984
6292000
6292032
6292096
6292224
6292480
6292481
6292482
6292484
6292488
6292496
6292512
6292544
6292608
6292736
6292992
6293504
6293505
6293506
6293508
6293512
6293520
6293536
6293568
6293632
6293760
6294016
6294528
6295552
6295553
6295554
6295556
6295560
6295568
6295584
6295616
6295680
6295808
6296064
6296576
6297600
6299648
6299649
6299650
6299652
6299656
6299664
6299680
6299712
6299776
6299904
6300160
6300672
6301696
6303744
6307840
6307841
6307842
6307844
6307848
6307856
6307872
6307904
6307968
6308096
6308352
6308864
6309888
6311936
6316032
6324224
6324225
6324226
6324228
6324232
6324240
6324256
6324288
6324352
6324480
6324736
6325248
6326272
6328320
6332416
6340608
6356992
6356993
6356994
6356996
6357000
6357008
6357024
6357056
6357120
6357248
6357504
6358016
6359040
6361088
6365184
6373376
6389760
6422528
6422529
6422530
6422532
6422536
6422544
6422560
6422592
6422656
6422784
6423040
6423552
6424576
6426624
6430720
6438912
6455296
6488064
6553600
6553601
6553602
6553604
6553608
6553616
6553632
6553664
6553728
6553856
6554112
6554624
6555648
6557696
6561792
6569984
6586368
6619136
6684672
6815744
6815745
6815746
6815748
6815752
6815760
6815776
6815808
6815872
6816000
6816256
6816768
6817792
6819840
6823936
6832128
6848512
6881280
6946816
7077888
7340032
7340033
7340034
7340036
7340040
7340048
7340064
7340096
7340160
7340288
7340544
7341056
7342080
7344128
7348224
7356416
7372800
7405568
7471104
7602176
7864320
8388608
8388609
8388610
8388611
8388612
8388613
8388614
8388615
8388616
8388617
8388618
8388619
8388620
8388621
8388622
8388624
8388625
8388626
8388627
8388628
8388629
8388630
8388632
8388633
8388634
8388636
8388640
8388641
8388642
8388643
8388644
8388645
8388646
8388648
8388649
8388650
8388652
8388656
8388657
8388658
8388660
8388664
8388672
8388673
8388674
8388675
8388676
8388677
8388678
8388680
8388681
8388682
8388684
8388688
8388689
8388690
8388692
8388696
8388704
8388705
8388706
8388708
8388712
8388720
8388736
8388737
8388738
8388739
8388740
8388741
8388742
8388744
8388745
8388746
8388748
8388752
8388753
8388754
8388756
8388760
8388768
8388769
8388770
8388772
8388776
8388784
8388800
8388801
8388802
8388804
8388808
8388816
8388832
8388864
8388865
8388866
8388867
8388868
8388869
8388870
8388872
8388873
8388874
8388876
8388880
8388881
8388882
8388884
8388888
8388896
8388897
8388898
8388900
8388904
8388912
8388928
8388929
8388930
8388932
8388936
8388944
8388960
8388992
8388993
8388994
8388996
8389000
8389008
8389024
8389056
8389120
8389121
8389122
8389123
8389124
8389125
8389126
8389128
8389129
8389130
8389132
8389136
8389137
8389138
8389140
8389144
8389152
8389153
8389154
8389156
8389160
8389168
8389184
8389185
8389186
8389188
8389192
8389200
8389216
8389248
8389249
8389250
8389252
8389256
8389264
8389280
8389312
8389376
8389377
8389378
8389380
8389384
8389392
8389408
8389440
8389504
8389632
8389633
8389634
8389635
8389636
8389637
8389638
8389640
8389641
8389642
8389644
8389648
8389649
8389650
8389652
8389656
8389664
8389665
8389666
8389668
8389672
8389680
8389696
8389697
8389698
8389700
8389704
8389712
8389728
8389760
8389761
8389762
8389764
8389768
8389776
8389792
8389824
8389888
8389889
8389890
8389892
8389896
8389904
8389920
8389952
8390016
8390144
8390145
8390146
8390148
8390152
8390160
8390176
8390208
8390272
8390400
8390656
8390657
8390658
8390659
8390660
8390661
8390662
8390664
8390665
8390666
8390668
8390672
8390673
8390674
8390676
8390680
8390688
8390689
8390690
8390692
8390696
8390704
8390720
8390721
8390722
8390724
8390728
8390736
8390752
8390784
8390785
8390786
8390788
8390792
8390800
8390816
8390848
8390912
8390913
8390914
8390916
8390920
8390928
8390944
8390976
8391040
8391168
8391169
8391170
8391172
8391176
8391184
8391200
8391232
8391296
8391424
8391680
8391681
8391682
8391684
8391688
8391696
8391712
8391744
8391808
8391936
8392192
8392704
8392705
8392706
8392707
8392708
8392709
8392710
8392712
8392713
8392714
8392716
8392720
8392721
8392722
8392724
8392728
8392736
8392737
8392738
8392740
8392744
8392752
8392768
8392769
8392770
8392772
8392776
8392784
8392800
8392832
8392833
8392834
8392836
8392840
8392848
8392864
8392896
8392960
8392961
8392962
8392964
8392968
8392976
8392992
8393024
8393088
8393216
8393217
8393218
8393220
8393224
8393232
8393248
8393280
8393344
8393472
8393728
8393729
8393730
8393732
8393736
8393744
8393760
8393792
8393856
8393984
8394240
8394752
8394753
8394754
8394756
8394760
8394768
8394784
8394816
8394880
8395008
8395264
8395776
8396800
8396801
8396802
8396803
8396804
8396805
8396806
8396808
8396809
8396810
8396812
8396816
8396817
8396818
8396820
8396824
8396832
8396833
8396834
8396836
8396840
8396848
8396864
8396865
8396866
8396868
8396872
8396880
8396896
8396928
8396929
8396930
8396932
8396936
8396944
8396960
8396992
8397056
8397057
8397058
8397060
8397064
8397072
8397088
8397120
8397184
8397312
8397313
8397314
8397316
8397320
8397328
8397344
8397376
8397440
8397568
8397824
8397825
8397826
8397828
8397832
8397840
8397856
8397888
8397952
8398080
8398336
8398848
8398849
8398850
8398852
8398856
8398864
8398880
8398912
8398976
8399104
8399360
8399872
8400896
8400897
8400898
8400900
8400904
8400912
8400928
8400960
8401024
8401152
8401408
8401920
8402944
8404992
8404993
8404994
8404995
8404996
8404997
8404998
8405000
8405001
8405002
8405004
8405008
8405009
8405010
8405012
8405016
8405024
8405025
8405026
8405028
8405032
8405040
8405056
8405057
8405058
8405060
8405064
8405072
8405088
8405120
8405121
8405122
8405124
8405128
8405136
8405152
8405184
8405248
8405249
8405250
8405252
8405256
8405264
8405280
8405312
8405376
8405504
8405505
8405506
8405508
8405512
8405520
8405536
8405568
8405632
8405760
8406016
8406017
8406018
8406020
8406024
8406032
8406048
8406080
8406144
8406272
8406528
8407040
8407041
8407042
8407044
8407048
8407056
8407072
8407104
8407168
8407296
8407552
8408064
8409088
8409089
8409090
8409092
8409096
8409104
8409120
8409152
8409216
8409344
8409600
8410112
8411136
8413184
8413185
8413186
8413188
8413192
8413200
8413216
8413248
8413312
8413440
8413696
8414208
8415232
8417280
8421376
8421377
8421378
8421379
8421380
8421381
8421382
8421384
8421385
8421386
8421388
8421392
8421393
8421394
8421396
8421400
8421408
8421409
8421410
8421412
8421416
8421424
8421440
8421441
8421442
8421444
8421448
8421456
8421472
8421504
8421505
8421506
8421508
8421512
8421520
8421536
8421568
8421632
8421633
8421634
8421636
8421640
8421648
8421664
8421696
8421760
8421888
8421889
8421890
8421892
8421896
8421904
8421920
8421952
8422016
8422144
8422400
8422401
8422402
8422404
8422408
8422416
8422432
8422464
8422528
8422656
8422912
8423424
8423425
8423426
8423428
8423432
8423440
8423456
8423488
8423552
8423680
8423936
8424448
8425472
8425473
8425474
8425476
8425480
8425488
8425504
8425536
8425600
8425728
8425984
8426496
8427520
8429568
8429569
8429570
8429572
8429576
8429584
8429600
8429632
8429696
8429824
8430080
8430592
8431616
8433664
8437760
8437761
8437762
8437764
8437768
8437776
8437792
8437824
8437888
8438016
8438272
8438784
8439808
8441856
8445952
8454144
8454145
8454146
8454147
8454148
8454149
8454150
8454152
8454153
8454154
8454156
8454160
8454161
8454162
8454164
8454168
8454176
8454177
8454178
8454180
8454184
8454192
8454208
8454209
8454210
8454212
8454216
8454224
8454240
8454272
8454273
8454274
8454276
8454280
8454288
8454304
8454336
8454400
8454401
8454402
8454404
8454408
8454416
8454432
8454464
8454528
8454656
8454657
8454658
8454660
8454664
8454672
8454688
8454720
8454784
8454912
8455168
8455169
8455170
8455172
8455176
8455184
8455200
8455232
8455296
8455424
8455680
8456192
8456193
8456194
8456196
8456200
8456208
8456224
8456256
8456320
8456448
8456704
8457216
8458240
8458241
8458242
8458244
8458248
8458256
8458272
8458304
8458368
8458496
8458752
8459264
8460288
8462336
8462337
8462338
8462340
8462344
8462352
8462368
8462400
8462464
8462592
8462848
8463360
8464384
8466432
8470528
8470529
8470530
8470532
8470536
8470544
8470560
8470592
8470656
8470784
8471040
8471552
8472576
8474624
8478720
8486912
8486913
8486914
8486916
8486920
8486928
8486944
8486976
8487040
8487168
8487424
8487936
8488960
8491008
8495104
8503296
8519680
8519681
8519682
8519683
8519684
8519685
8519686
8519688
8519689
8519690
8519692
8519696
8519697
8519698
8519700
8519704
8519712
8519713
8519714
8519716
8519720
8519728
8519744
8519745
8519746
8519748
8519752
8519760
8519776
8519808
8519809
8519810
8519812
8519816
8519824
8519840
8519872
8519936
8519937
8519938
8519940
8519944
8519952
8519968
8520000
8520064
8520192
8520193
8520194
8520196
8520200
8520208
8520224
8520256
8520320
8520448
8520704
8520705
8520706
8520708
8520712
8520720
8520736
8520768
8520832
8520960
8521216
8521728
8521729
8521730
8521732
8521736
8521744
8521760
8521792
8521856
8521984
8522240
8522752
8523776
8523777
8523778
8523780
8523784
8523792
8523808
8523840
8523904
8524032
8524288
8524800
8525824
8527872
8527873
8527874
8527876
8527880
8527888
8527904
8527936
8528000
8528128
8528384
8528896
8529920
8531968
8536064
8536065
8536066
8536068
8536072
8536080
8536096
8536128
8536192
8536320
8536576
8537088
8538112
8540160
8544256
8552448
8552449
8552450
8552452
8552456
8552464
8552480
8552512
8552576
8552704
8552960
8553472
8554496
8556544
8560640
8568832
8585216
8585217
8585218
8585220
8585224
8585232
8585248
8585280
8585344
8585472
8585728
8586240
8587264
8589312
8593408
8601600
8617984
8650752
8650753
8650754
8650755
8650756
8650757
8650758
8650760
8650761
8650762
8650764
8650768
8650769
8650770
8650772
8650776
8650784
8650785
8650786
8650788
8650792
8650800
8650816
8650817
8650818
8650820
8650824
8650832
8650848
8650880
8650881
8650882
8650884
8650888
8650896
8650912
8650944
8651008
8651009
8651010
8651012
8651016
8651024
8651040
8651072
8651136
8651264
8651265
8651266
8651268
8651272
8651280
8651296
8651328
8651392
8651520
8651776
8651777
8651778
8651780
8651784
8651792
8651808
8651840
8651904
8652032
8652288
8652800
8652801
8652802
8652804
8652808
8652816
8652832
8652864
8652928
8653056
8653312
8653824
8654848
8654849
8654850
8654852
8654856
8654864
8654880
8654912
8654976
8655104
8655360
8655872
8656896
8658944
8658945
8658946
8658948
8658952
8658960
8658976
8659008
8659072
8659200
8659456
8659968
8660992
8663040
8667136
8667137
8667138
8667140
8667144
8667152
8667168
8667200
8667264
8667392
8667648
8668160
8669184
8671232
8675328
8683520
8683521
8683522
8683524
8683528
8683536
8683552
8683584
8683648
8683776
8684032
8684544
8685568
8687616
8691712
8699904
8716288
8716289
8716290
8716292
8716296
8716304
8716320
8716352
8716416
8716544
8716800
8717312
8718336
8720384
8724480
8732672
8749056
8781824
8781825
8781826
8781828
8781832
8781840
8781856
8781888
8781952
8782080
8782336
8782848
8783872
8785920
8790016
8798208
8814592
8847360
8912896
8912897
8912898
8912899
8912900
8912901
8912902
8912904
8912905
8912906
8912908
8912912
8912913
8912914
8912916
8912920
8912928
8912929
8912930
8912932
8912936
8912944
8912960
8912961
8912962
8912964
8912968
8912976
8912992
8913024
8913025
8913026
8913028
8913032
8913040
8913056
8913088
8913152
8913153
8913154
8913156
8913160
8913168
8913184
8913216
8913280
8913408
8913409
8913410
8913412
8913416
8913424
8913440
8913472
8913536
8913664
8913920
8913921
8913922
8913924
8913928
8913936
8913952
8913984
8914048
8914176
8914432
8914944
8914945
8914946
8914948
8914952
8914960
8914976
8915008
8915072
8915200
8915456
8915968
8916992
8916993
8916994
8916996
8917000
8917008
8917024
8917056
8917120
8917248
8917504
8918016
8919040
8921088
8921089
8921090
8921092
8921096
8921104
8921120
8921152
8921216
8921344
8921600
8922112
8923136
8925184
8929280
8929281
8929282
8929284
8929288
8929296
8929312
8929344
8929408
8929536
8929792
8930304
8931328
8933376
8937472
8945664
8945665
8945666
8945668
8945672
8945680
8945696
8945728
8945792
8945920
8946176
8946688
8947712
8949760
8953856
8962048
8978432
8978433
8978434
8978436
8978440
8978448
8978464
8978496
8978560
8978688
8978944
8979456
8980480
8982528
8986624
8994816
9011200
9043968
9043969
9043970
9043972
9043976
9043984
9044000
9044032
9044096
9044224
9044480
9044992
9046016
9048064
9052160
9060352
9076736
9109504
9175040
9175041
9175042
9175044
9175048
9175056
9175072
9175104
9175168
9175296
9175552
9176064
9177088
9179136
9183232
9191424
9207808
9240576
9306112
9437184
9437185
9437186
9437187
9437188
9437189
9437190
9437192
9437193
9437194
9437196
9437200
9437201
9437202
9437204
9437208
9437216
9437217
9437218
9437220
9437224
9437232
9437248
9437249
9437250
9437252
9437256
9437264
9437280
9437312
9437313
9437314
9437316
9437320
9437328
9437344
9437376
9437440
9437441
9437442
9437444
9437448
9437456
9437472
9437504
9437568
9437696
9437697
9437698
9437700
9437704
9437712
9437728
9437760
9437824
9437952
9438208
9438209
9438210
9438212
9438216
9438224
9438240
9438272
9438336
9438464
9438720
9439232
9439233
9439234
9439236
9439240
9439248
9439264
9439296
9439360
9439488
9439744
9440256
9441280
9441281
9441282
9441284
9441288
9441296
9441312
9441344
9441408
9441536
9441792
9442304
9443328
9445376
9445377
9445378
9445380
9445384
9445392
9445408
9445440
9445504
9445632
9445888
9446400
9447424
9449472
9453568
9453569
9453570
9453572
9453576
9453584
9453600
9453632
9453696
9453824
9454080
9454592
9455616
9457664
9461760
9469952
9469953
9469954
9469956
9469960
9469968
9469984
9470016
9470080
9470208
9470464
9470976
9472000
9474048
9478144
9486336
9502720
9502721
9502722
9502724
9502728
9502736
9502752
9502784
9502848
9502976
9503232
9503744
9504768
9506816
9510912
9519104
9535488
9568256
9568257
9568258
9568260
9568264
9568272
9568288
9568320
9568384
9568512
9568768
9569280
9570304
9572352
9576448
9584640
9601024
9633792
9699328
9699329
9699330
9699332
9699336
9699344
9699360
9699392
9699456
9699584
9699840
9700352
9701376
9703424
9707520
9715712
9732096
9764864
9830400
9961472
9961473
9961474
9961476
9961480
9961488
9961504
9961536
9961600
9961728
9961984
9962496
9963520
9965568
9969664
9977856
9994240
10027008
10092544
10223616
10485760
10485761
10485762
10485763
10485764
10485765
10485766
10485768
10485769
10485770
10485772
10485776
10485777
10485778
10485780
10485784
10485792
10485793
10485794
10485796
10485800
10485808
10485824
10485825
10485826
10485828
10485832
10485840
10485856
10485888
10485889
10485890
10485892
10485896
10485904
10485920
10485952
10486016
10486017
10486018
10486020
10486024
10486032
10486048
10486080
10486144
10486272
10486273
10486274
10486276
10486280
10486288
10486304
10486336
10486400
10486528
10486784
10486785
10486786
10486788
10486792
10486800
10486816
10486848
10486912
10487040
10487296
10487808
10487809
10487810
10487812
10487816
10487824
10487840
10487872
10487936
10488064
10488320
10488832
10489856
10489857
10489858
10489860
10489864
10489872
10489888
10489920
10489984
10490112
10490368
10490880
10491904
10493952
10493953
10493954
10493956
10493960
10493968
10493984
10494016
10494080
10494208
10494464
10494976
10496000
10498048
10502144
10502145
10502146
10502148
10502152
10502160
10502176
10502208
10502272
10502400
10502656
10503168
10504192
10506240
10510336
10518528
10518529
10518530
10518532
10518536
10518544
10518560
10518592
10518656
10518784
10519040
10519552
10520576
10522624
10526720
10534912
10551296
10551297
10551298
10551300
10551304
10551312
10551328
10551360
10551424
10551552
10551808
10552320
10553344
10555392
10559488
10567680
10584064
10616832
10616833
10616834
10616836
10616840
10616848
10616864
10616896
10616960
10617088
10617344
10617856
10618880
10620928
10625024
10633216
10649600
10682368
10747904
10747905
10747906
10747908
10747912
10747920
10747936
10747968
10748032
10748160
10748416
10748928
10749952
10752000
10756096
10764288
10780672
10813440
10878976
11010048
11010049
11010050
11010052
11010056
11010064
11010080
11010112
11010176
11010304
11010560
11011072
11012096
11014144
11018240
11026432
11042816
11075584
11141120
11272192
11534336
11534337
11534338
11534340
11534344
11534352
11534368
11534400
11534464
11534592
11534848
11535360
11536384
11538432
11542528
11550720
11567104
11599872
11665408
11796480
12058624
12582912
12582913
12582914
12582915
12582916
12582917
12582918
12582920
12582921
12582922
12582924
12582928
12582929
12582930
12582932
12582936
12582944
12582945
12582946
12582948
12582952
12582960
12582976
12582977
12582978
12582980
12582984
12582992
12583008
12583040
12583041
12583042
12583044
12583048
12583056
12583072
12583104
12583168
12583169
12583170
12583172
12583176
12583184
12583200
12583232
12583296
12583424
12583425
12583426
12583428
12583432
12583440
12583456
12583488
12583552
12583680
12583936
12583937
12583938
12583940
12583944
12583952
12583968
12584000
12584064
12584192
12584448
12584960
12584961
12584962
12584964
12584968
12584976
12584992
12585024
12585088
12585216
12585472
12585984
12587008
12587009
12587010
12587012
12587016
12587024
12587040
12587072
12587136
12587264
12587520
12588032
12589056
12591104
12591105
12591106
12591108
12591112
12591120
12591136
12591168
12591232
12591360
12591616
12592128
12593152
12595200
12599296
12599297
12599298
12599300
12599304
12599312
12599328
12599360
12599424
12599552
12599808
12600320
12601344
12603392
12607488
12615680
12615681
12615682
12615684
12615688
12615696
12615712
12615744
12615808
12615936
12616192
12616704
12617728
12619776
12623872
12632064
12648448
12648449
12648450
12648452
12648456
12648464
12648480
12648512
12648576
12648704
12648960
12649472
12650496
12652544
12656640
12664832
12681216
12713984
12713985
12713986
12713988
12713992
12714000
12714016
12714048
12714112
12714240
12714496
12715008
12716032
12718080
12722176
12730368
12746752
12779520
12845056
12845057
12845058
12845060
12845064
12845072
12845088
12845120
12845184
12845312
12845568
12846080
12847104
12849152
12853248
12861440
12877824
12910592
12976128
13107200
13107201
13107202
13107204
13107208
13107216
13107232
13107264
13107328
13107456
13107712
13108224
13109248
13111296
13115392
13123584
13139968
13172736
13238272
13369344
13631488
13631489
13631490
13631492
13631496
13631504
13631520
13631552
13631616
13631744
13632000
13632512
13633536
13635584
13639680
13647872
13664256
13697024
13762560
13893632
14155776
14680064
14680065
14680066
14680068
14680072
14680080
14680096
14680128
14680192
14680320
14680576
14681088
14682112
14684160
14688256
14696448
14712832
14745600
14811136
14942208
15204352
15728640
